200 300
122 142 8527
60 144 284
22 179 8396
112 113 188
54 74 4087
15 70 2768
53 116 4829
77 136 312
140 144 3952
140 194 8335
1 66 7747
4 17 312
69 183 55
124 182 5914
194 198 8505
20 48 1274
8 147 2103
136 170 1836
80 195 4422
170 184 7097
37 140 5189
76 133 4144
39 148 1407
126 181 6172
149 154 4835
70 164 3689
62 198 7572
5 200 9319
94 184 4096
63 74 4714
96 136 9984
152 180 6663
150 196 8260
54 168 7758
108 116 3307
10 35 3991
26 130 2517
8 51 5263
60 191 2826
17 135 5903
30 149 791
23 160 7537
15 133 2748
12 147 3970
95 153 3062
12 184 6774
21 167 7645
4 95 1694
193 197 6908
12 116 9290
29 38 9172
24 135 1086
133 166 6816
25 112 2422
168 179 7175
71 86 6217
168 194 5203
47 122 4111
27 85 8211
14 71 4818
34 40 6931
23 43 4998
44 184 5079
96 142 2568
45 162 7674
157 187 5351
107 189 5001
6 176 966
84 195 2381
108 126 8973
25 81 5244
51 162 34
113 196 2240
69 192 7466
150 185 3298
44 128 5856
17 77 1550
68 134 7025
157 177 902
152 168 6158
59 70 2036
14 100 2367
72 87 3712
17 134 7335
148 163 5989
1 65 6395
23 150 8388
93 98 2018
20 163 2389
95 98 1484
140 193 1745
72 107 5586
29 199 2928
31 138 945
56 172 8579
4 127 7686
15 21 2258
134 159 5512
9 105 2627
10 67 6265
39 84 9039
90 166 4298
5 89 7269
10 37 8577
52 80 2458
57 174 6475
71 88 7223
21 184 7025
1 104 4016
70 119 4045
36 155 2134
10 192 1977
140 163 5852
13 187 1932
12 110 9002
59 118 3875
145 181 9875
30 114 9345
6 33 7575
93 150 6790
4 106 4504
3 192 7041
67 183 7804
3 23 1093
90 138 2391
86 155 669
89 157 2758
30 169 6671
34 190 2187
174 197 6449
3 96 8956
51 87 4191
86 188 7002
89 114 1864
37 185 8770
106 174 6555
29 50 5830
94 193 8676
81 194 5961
43 52 8759
86 119 3644
1 72 4360
77 192 8811
17 41 4544
134 177 343
13 189 1393
4 166 4082
5 140 1283
70 197 4796
19 65 9238
109 164 880
25 36 2903
18 48 1133
27 59 5630
104 118 4101
130 139 3357
143 164 5848
124 164 3576
29 73 1358
5 130 1188
19 131 6791
60 180 3378
14 69 4834
120 157 8201
143 192 8864
116 156 1445
24 44 7702
9 137 2609
52 150 9284
13 190 5189
84 96 9033
79 195 9344
96 159 1698
19 137 7044
157 171 3094
80 124 8403
35 153 6643
151 194 4381
114 144 2679
104 172 5895
91 175 686
2 112 1051
58 120 9134
96 117 4194
50 157 1012
18 115 1250
27 52 7500
12 158 3543
7 153 834
47 86 547
123 199 3884
98 156 8661
57 154 7940
64 120 6203
9 114 1335
22 112 9831
20 195 1902
37 188 4290
5 19 6703
40 173 3459
51 155 3364
96 114 1821
27 88 5110
63 66 1756
64 156 3057
77 162 6926
32 87 5223
131 135 1714
20 89 3969
28 178 7074
7 168 6602
21 151 9983
170 193 6634
152 192 9984
46 112 178
61 139 1338
109 179 3100
49 157 1518
132 146 8480
59 137 5366
48 70 5110
103 184 7150
4 196 2384
174 193 3522
23 113 7731
83 173 3979
7 94 7609
142 191 9768
4 188 7015
150 164 2942
33 71 6495
60 199 6048
54 165 3301
11 39 7997
128 159 7554
45 142 8125
79 194 7290
91 180 313
45 106 126
8 139 6253
90 154 5153
130 178 4798
21 153 7883
31 176 1578
28 175 4271
77 164 3781
180 181 3148
94 122 2013
9 128 3366
57 73 7666
9 89 2210
171 191 2760
51 199 8980
127 194 8104
16 195 2521
22 198 4890
105 159 6340
32 180 2771
9 40 888
140 164 2318
26 28 7641
23 172 2491
35 52 5875
143 177 9866
142 148 7944
28 117 2293
62 100 6731
13 40 7585
100 107 2045
31 67 9267
26 66 9738
66 68 8483
132 155 7715
58 134 2034
112 139 5561
126 135 2330
63 96 9918
20 64 4873
34 119 3116
34 200 1981
73 168 2466
158 182 4542
93 103 866
4 5 3279
105 113 7436
58 166 674
47 92 4648
35 190 9966
54 145 6486
2 196 9938
35 72 8630
28 68 935
5 39 7446
65 146 1639
70 193 3870
16 48 8015
42 162 4221
9 125 1365
36 157 3234
90 141 5033
