40 6000
15 19 8527
35 36 284
1 25 8396
22 25 188
3 19 4087
13 36 2768
20 21 4829
18 24 312
30 35 3952
3 7 8335
14 30 7747
16 38 312
22 29 55
5 13 5914
30 38 8505
19 33 1274
2 6 2103
12 33 1836
34 40 4422
17 32 7097
1 38 5189
6 29 4144
4 36 1407
5 14 6172
4 9 4835
12 37 3689
23 39 7572
2 32 9319
11 17 4096
27 33 4714
7 18 9984
1 28 6663
29 34 8260
15 22 7758
28 36 3307
9 10 3991
22 24 2517
25 37 5263
5 26 2826
6 39 5903
5 39 791
12 39 7537
15 23 2748
25 34 3970
12 15 3062
3 37 6774
11 40 7645
4 28 1694
14 40 6908
33 38 9290
37 39 9172
2 24 1086
19 37 6816
7 13 2422
8 25 7175
15 30 6217
33 39 5203
7 29 4111
6 22 8211
3 9 4818
11 31 6931
20 22 4998
22 27 5079
12 23 2568
2 14 7674
38 39 5351
22 30 5001
5 35 966
29 37 2381
28 35 8973
7 34 5244
8 38 34
20 33 2240
2 28 7466
13 31 3298
5 8 5856
9 33 1550
31 37 7025
1 21 902
6 20 6158
3 26 2036
2 9 2367
10 36 3712
9 23 7335
14 26 5989
13 30 6395
3 36 8388
26 27 2018
9 18 2389
2 25 1484
5 38 1745
9 36 5586
18 39 2928
29 39 945
24 38 8579
18 28 7686
19 23 2258
23 35 5512
10 15 2627
19 24 6265
31 36 9039
9 16 4298
21 35 7269
3 5 8577
16 34 2458
1 37 6475
2 37 7223
20 38 7025
13 18 4016
27 40 4045
4 39 2134
34 35 1977
2 20 5852
16 29 1932
7 22 9002
15 33 3875
10 27 9875
4 35 9345
4 6 7575
7 37 6790
25 40 4504
21 26 7041
24 33 7804
22 31 1093
5 18 2391
19 34 669
10 21 2758
24 26 6671
3 25 2187
2 5 6449
12 18 8956
22 36 4191
5 22 7002
4 12 1864
7 10 8770
14 23 6555
2 26 5830
1 13 8676
34 38 5961
30 37 8759
13 29 3644
1 22 4360
8 23 8811
19 30 4544
21 31 343
5 23 1393
26 37 4082
13 33 1283
4 26 4796
26 33 9238
7 27 880
7 17 2903
11 15 1133
16 28 5630
20 24 4101
1 40 3357
32 36 5848
24 29 3576
27 38 1358
9 19 1188
27 34 6791
32 34 3378
21 27 4834
1 39 8201
15 40 8864
24 30 1445
4 22 7702
15 26 2609
19 22 9284
25 31 5189
4 16 9033
10 23 9344
27 28 1698
17 25 7044
5 37 3094
20 34 8403
8 39 6643
8 32 4381
25 26 2679
23 40 5895
6 10 686
6 34 1051
6 30 9134
5 20 4194
10 33 1012
14 34 1250
15 18 7500
10 35 3543
25 32 834
3 18 547
10 38 3884
7 40 8661
1 10 7940
30 36 6203
13 40 1335
18 40 9831
8 37 1902
8 28 4290
18 37 6703
4 18 3459
3 35 3364
25 38 1821
13 35 5110
23 30 1756
28 30 3057
20 36 6926
1 20 5223
9 24 1714
24 36 3969
1 34 7074
7 38 6602
8 36 9983
17 35 6634
9 29 9984
3 33 178
31 34 1338
16 36 3100
3 13 1518
26 38 8480
14 15 5366
2 17 5110
4 25 7150
7 16 2384
8 11 3522
10 40 7731
23 34 3979
15 16 7609
9 32 9768
1 27 7015
26 32 2942
4 40 6495
3 23 6048
14 37 3301
26 35 7997
12 35 7554
10 17 8125
24 27 7290
3 32 313
2 4 126
19 40 6253
8 15 5153
29 40 4798
14 31 7883
6 32 1578
11 19 4271
26 40 3781
23 33 3148
33 36 2013
17 36 3366
27 29 7666
3 20 2210
22 33 2760
4 11 8980
1 24 8104
34 37 2521
21 28 4890
6 7 6340
5 15 2771
1 30 888
22 28 2318
8 33 7641
4 34 2491
15 38 5875
23 31 9866
22 37 7944
5 11 2293
8 27 6731
28 38 7585
11 27 2045
3 4 9267
4 15 9738
7 21 8483
35 40 7715
6 11 2034
6 38 5561
36 39 2330
10 31 9918
5 6 4873
34 36 3116
8 31 1981
19 36 2466
12 13 4542
3 8 866
9 28 3279
15 28 7436
3 6 674
8 16 4648
32 38 9966
16 40 6486
10 30 9938
11 28 8630
7 9 935
3 38 7446
6 35 1639
1 11 3870
6 28 8015
6 24 4221
9 39 1365
12 25 3234
12 16 5033
8 13 8586
7 28 2861
12 27 1756
13 14 7413
16 20 1718
4 33 1341
10 19 7829
16 24 6429
5 30 9047
29 36 3773
19 29 5378
11 13 2760
1 4 4672
24 28 6146
16 30 6848
6 18 2552
19 39 3550
24 35 2348
16 33 2733
13 32 638
14 39 2186
5 40 4314
7 8 5297
1 35 1619
1 6 8171
11 12 8243
9 22 2046
20 39 8287
21 34 2675
6 8 1020
6 15 198
11 37 7909
28 33 7328
10 20 391
5 28 884
8 20 1202
12 40 7451
13 21 8896
16 35 7567
27 35 8291
23 27 5210
25 36 5681
33 40 9917
32 37 2878
11 22 2335
7 25 93
16 26 636
7 39 9830
3 10 9545
6 9 8694
8 40 3288
17 40 2410
5 29 3392
23 28 4953
11 29 42
24 31 6132
1 26 5179
33 34 3775
7 23 6661
11 21 2092
14 32 4076
7 20 684
12 38 985
18 22 8340
5 25 2304
8 26 3697
17 30 2049
37 38 2700
22 23 2210
18 29 1099
29 30 4663
7 11 4878
5 16 5575
3 27 8340
34 39 8190
18 32 1089
22 32 8033
3 29 7616
1 31 7397
16 27 9047
13 24 6798
16 25 3360
13 17 3048
12 19 3329
20 27 1352
12 22 3456
1 9 6704
24 25 7704
11 25 2981
10 28 3322
4 7 2048
15 34 3380
16 37 6198
8 14 3394
19 38 5961
21 39 5463
14 16 6698
21 38 9306
15 24 2725
6 21 6225
18 35 9050
25 33 1358
31 40 301
1 18 2300
3 17 6461
5 17 4184
8 21 7413
25 39 3151
8 17 5812
4 10 3563
32 33 3772
20 35 6685
6 37 9228
12 26 217
32 35 1295
1 36 6132
8 30 4321
4 5 6111
5 27 597
21 36 5328
25 35 4168
13 39 5589
31 33 1698
8 29 792
1 15 1506
11 34 1345
16 19 1254
21 30 9710
19 20 701
13 27 1827
5 19 5070
18 20 2930
18 31 2501
21 33 7769
18 25 1600
9 38 1358
28 40 7805
14 33 9259
13 22 2881
27 31 9513
14 25 1016
5 36 1933
24 32 3233
20 30 4981
1 32 5445
9 14 146
27 37 1995
1 17 2707
12 20 9708
20 25 2821
4 27 7255
12 30 5004
1 29 1557
3 39 3968
7 15 7177
10 11 7656
6 31 6079
18 26 4807
16 18 4466
18 21 7449
37 40 5803
3 28 556
4 24 3789
28 32 4367
7 33 2849
13 19 2043
31 32 1441
12 28 5395
20 40 3159
14 35 2157
10 18 2435
1 12 5310
28 34 1535
15 27 343
20 23 5187
35 38 2114
21 32 7671
6 40 8715
1 7 2732
15 35 3022
6 23 9609
6 17 7107
22 38 1367
10 14 8492
22 35 4971
2 38 4395
3 12 9207
13 38 4308
3 40 9615
6 33 3206
4 29 8955
3 15 6344
8 18 498
3 22 7333
17 27 3809
19 32 8919
14 38 8462
12 34 9509
31 35 784
2 30 1373
16 23 5226
27 39 2768
36 37 9675
16 17 2688
14 20 3335
10 34 4490
10 16 9267
6 27 7554
29 32 1747
7 32 6179
17 24 9172
12 29 660
18 27 8664
9 31 6105
15 37 5700
1 3 9023
8 24 3388
33 37 1957
10 25 3193
9 13 235
21 25 960
27 36 5115
2 18 5091
6 13 1066
5 9 7971
15 36 3149
10 13 8140
26 34 1979
14 18 254
18 33 3575
22 34 8668
14 21 938
8 12 327
14 27 1378
1 14 6281
6 25 8477
4 8 7073
7 31 5827
23 38 4257
28 39 7782
15 21 2665
35 39 4267
4 21 1665
13 26 8358
18 19 664
8 22 567
9 35 6640
36 38 54
13 23 470
15 31 6431
20 37 7090
6 12 5150
20 28 7043
23 36 7193
17 29 8999
32 39 976
24 39 3949
7 26 8149
23 26 3404
31 38 2555
26 28 431
16 21 3409
3 24 4359
28 31 3819
16 31 2862
19 26 5108
5 24 6477
2 29 8662
2 12 7021
9 17 1749
17 39 1485
4 37 9502
17 33 7960
11 39 6003
30 34 3108
15 25 2468
12 24 3019
18 23 396
17 34 4185
2 10 8657
1 33 7962
17 37 4601
26 29 2464
24 40 4701
2 3 3943
18 30 5246
8 10 3818
22 40 9050
13 28 4386
5 33 6093
19 25 4305
22 26 4343
13 25 7138
5 10 9650
1 19 5199
17 19 4432
18 36 6383
4 17 3622
3 11 4710
27 30 6234
2 7 1066
20 26 5406
13 37 6966
3 14 6426
17 38 5393
6 19 5883
14 19 6620
9 26 8493
10 26 2286
36 40 9114
11 24 7488
26 36 5519
23 25 1223
18 38 3475
9 11 37
14 36 1367
2 15 6894
11 20 8700
7 12 1834
11 14 6343
2 40 7776
2 35 4357
30 33 1309
29 38 9119
9 27 4279
19 31 7627
10 24 1077
7 19 9736
13 16 9130
29 35 9128
17 31 3509
9 34 5483
25 27 714
2 31 8031
12 17 9262
15 20 2489
9 12 804
31 39 8626
5 31 7867
4 32 19
8 34 8644
9 30 3854
19 27 4853
3 16 9410
23 29 303
4 13 8140
17 18 5214
9 21 4637
7 35 3670
4 38 592
17 22 24
9 40 3064
19 21 1767
15 32 3932
12 31 1886
23 32 7810
17 20 8302
15 29 7356
32 40 7640
12 21 5844
10 39 1886
20 29 9593
1 23 4554
11 18 2167
21 29 6619
10 12 8
2 11 2691
11 35 9708
13 20 8113
14 17 2570
6 14 1663
23 24 9780
6 36 1420
9 37 907
30 32 2663
11 32 3784
7 24 6720
5 21 7301
30 31 5950
29 31 3151
7 14 6736
30 40 3117
2 19 2372
35 37 8573
29 33 8697
14 22 4963
20 31 2661
1 5 4961
10 32 5878
21 40 324
4 20 7545
33 35 8020
2 34 4588
11 33 1066
9 20 7604
23 37 2271
21 37 7517
3 31 4264
20 32 8581
17 23 9251
26 30 1464
14 24 4129
11 38 1977
17 26 4129
12 36 6949
39 40 176
24 34 919
2 27 5714
4 19 8827
15 17 8814
2 21 3811
11 36 3629
5 34 7707
25 29 6545
21 24 8622
2 22 310
38 40 3444
10 29 5674
6 26 9410
1 2 8731
27 32 688
17 21 4853
26 31 9208
11 26 9608
4 14 788
6 16 2139
30 39 7108
13 15 9858
5 12 6834
14 28 9489
17 28 1878
2 8 366
7 36 3080
25 28 3335
12 32 857
16 22 3033
22 39 2864
14 29 9644
9 25 8773
3 34 351
2 39 6447
24 37 9687
5 7 591
2 33 7479
2 16 745
21 23 5838
16 32 1061
4 23 403
11 23 4505
3 30 8977
21 22 5989
28 37 6434
2 36 5564
26 39 9661
5 32 6981
13 34 8639
28 29 3189
1 16 7163
8 19 58
10 22 8146
25 30 6072
3 21 5841
16 39 3284
11 30 6988
18 34 3266
12 14 446
4 30 9502
2 13 5614
11 16 8268
8 35 6448
10 37 4529
2 23 7536
4 31 4094
9 15 3935
15 39 9551
19 35 9724
7 30 232
8 9 4033
19 28 5594
1 8 9059
4 24 5153
7 13 5405
25 20 3741
1 29 4765
8 2 5691
37 33 4823
19 23 3670
34 13 9634
32 12 9240
37 16 7740
38 4 7013
28 4 4571
9 13 9070
18 11 7979
35 10 2416
30 4 4358
18 32 3637
38 12 9005
8 25 4653
13 35 2813
26 23 6255
25 36 5405
6 3 1034
18 15 4745
21 20 3881
24 29 1561
33 38 6430
36 3 2168
10 4 2930
2 5 8152
32 34 6827
20 11 5650
18 23 4506
31 9 709
19 18 831
19 17 7129
6 36 4520
20 39 796
34 29 2042
1 35 1246
16 28 5854
7 15 268
3 38 2435
29 15 9718
20 34 3866
11 28 6744
14 11 4060
14 12 4476
35 37 5535
13 39 2147
37 21 191
24 17 1990
22 21 2170
16 24 5239
25 21 4241
24 13 8856
18 16 6662
20 35 1717
35 13 631
23 21 1929
2 26 3680
29 36 1786
20 7 8266
25 7 4183
32 24 2680
4 1 7302
12 24 8747
27 18 2875
19 27 8845
25 35 4187
4 18 8277
21 10 3964
30 36 7238
35 3 3926
3 28 9237
21 37 9461
4 8 8236
29 9 6169
26 35 631
25 37 9087
8 12 5760
31 36 1014
27 22 2605
32 2 3257
14 13 4535
30 39 9064
38 34 6522
17 36 5545
18 11 9647
29 1 9375
36 34 1478
15 18 8255
16 9 2466
13 21 2553
19 20 3153
30 23 8938
7 8 3776
19 25 5318
40 32 2407
1 18 1871
1 32 8188
38 5 4298
17 7 1959
38 33 3273
20 10 1799
20 37 2917
5 27 4180
13 10 2799
7 16 5535
3 21 7579
15 19 6638
25 6 1607
37 19 3282
7 27 9691
18 6 9121
28 18 9969
23 30 1064
21 38 2566
13 10 5498
26 23 278
15 4 6481
2 37 3767
5 38 8610
35 31 3060
20 16 5882
15 27 7156
38 27 9512
13 40 6017
40 13 3647
1 38 9440
16 5 924
7 9 3447
24 34 1429
19 7 4815
21 10 1722
29 33 4395
10 15 8568
2 20 8201
5 22 6325
36 30 9395
4 2 7059
4 11 7296
27 22 6051
22 7 1925
10 8 4994
15 22 5313
15 34 3070
36 9 5598
36 27 8360
3 29 2220
1 25 3556
38 34 1513
26 7 928
22 15 1251
9 11 84
12 1 3820
32 36 1493
4 30 4500
8 17 3673
2 25 3041
23 35 2385
2 6 518
21 13 626
5 32 1529
18 9 2181
22 29 5141
32 16 744
15 10 8368
20 29 6094
25 33 3198
23 7 157
35 29 512
34 33 7395
15 35 1880
2 21 4933
1 11 5238
21 26 607
12 5 664
7 39 9494
9 10 9015
13 39 6146
6 29 4707
29 25 1632
39 28 1328
21 10 6342
35 32 9394
18 11 2348
27 14 1536
33 9 1907
24 14 2151
21 2 6325
13 35 3974
1 35 8498
6 8 5713
1 40 5816
26 21 1082
27 36 6291
28 26 3696
7 4 8123
1 38 5404
10 15 157
28 1 5433
25 23 6335
20 35 5854
9 29 7737
39 4 7256
14 19 7510
23 4 9186
7 9 3439
31 3 3000
9 19 916
25 21 1619
33 28 4856
32 4 401
10 29 229
21 12 8873
20 17 6110
1 27 5160
21 19 5367
8 2 7216
39 28 1949
26 21 2643
23 5 4567
29 10 6885
5 19 4298
19 16 5868
40 6 9447
31 2 3547
25 13 8572
13 1 1665
21 20 7076
30 17 2413
20 31 4338
20 34 3396
13 36 7454
2 29 7226
14 15 5059
37 32 880
8 14 1975
3 16 6703
31 19 6247
5 33 7487
16 21 9725
2 24 2635
16 24 102
7 21 3380
12 31 3421
12 37 8558
27 8 3393
23 2 5113
32 1 998
9 37 253
8 10 3274
24 35 4599
8 9 4069
3 8 7188
23 7 3876
23 20 4981
12 8 378
3 8 5123
14 7 2199
16 19 3970
16 24 6206
12 29 7930
19 3 304
25 27 1962
8 30 7764
36 3 1035
7 31 8032
29 6 578
22 24 1646
10 3 1892
29 18 7904
5 19 8452
16 20 4147
2 12 863
38 35 4121
24 4 5007
4 40 8337
40 34 2050
40 38 2122
39 3 337
31 29 1550
4 7 2015
23 14 3261
34 22 7535
22 13 8028
5 29 5046
37 29 4872
36 12 9144
7 16 5083
18 15 427
8 36 4307
38 6 9604
21 3 3072
18 32 9847
38 18 1821
4 5 271
31 8 1848
14 31 4399
17 6 9358
33 21 2872
6 11 7291
3 7 7606
11 12 8427
10 22 568
33 25 1745
17 34 3475
9 25 2428
13 2 8994
40 22 7690
8 3 6256
15 23 8624
29 14 9596
14 11 9529
4 40 1272
17 25 6136
30 12 5323
31 4 3286
30 12 1482
24 32 1124
4 20 5974
34 39 5784
1 6 4454
34 14 5519
9 5 5584
32 10 1487
22 27 231
3 12 7537
6 21 355
5 29 5305
31 3 2836
34 4 9892
9 35 3896
14 33 2007
38 30 7535
34 40 1973
38 12 9857
11 30 2064
22 29 3609
32 35 5016
35 14 6733
3 19 3427
6 19 1120
26 29 641
30 29 4594
27 29 4209
22 13 4143
2 6 7138
26 8 2989
28 15 5543
5 28 1263
25 28 5464
6 35 4696
15 6 2226
27 29 4004
28 29 3031
25 38 4693
6 8 5481
13 28 6954
35 23 1767
11 15 779
40 18 6124
6 35 596
30 34 1028
5 30 8240
5 19 8186
30 10 5859
5 8 5569
24 29 6040
18 31 2519
13 3 5580
10 36 2944
2 5 8073
12 36 6730
20 34 6662
7 4 7778
11 33 4277
20 37 1799
16 22 3414
15 38 7742
10 35 8053
30 16 7521
31 11 2892
14 13 5907
39 8 7238
33 17 8813
31 27 7819
31 17 9390
15 36 6934
38 3 1383
17 7 506
8 16 4058
18 28 4203
40 3 3524
10 1 6460
31 24 9770
37 23 4649
39 35 3340
20 14 3520
3 16 3671
7 36 2384
29 7 7350
31 22 2615
34 2 6474
4 10 8519
20 35 9344
17 19 6618
30 9 5944
28 9 2604
6 32 7317
15 27 4888
15 35 6000
10 4 2424
18 25 2957
34 14 8305
6 38 1446
29 3 3827
22 8 5906
33 6 853
6 19 1661
8 26 6955
9 16 935
17 1 6395
3 28 2822
8 18 1717
21 2 6393
14 22 2865
23 29 1354
32 19 575
23 35 7023
27 39 3617
28 1 3327
6 36 2526
1 3 2947
27 35 3308
9 24 7758
11 38 1901
32 22 9094
32 2 424
13 21 9225
32 9 6120
37 27 2746
28 20 8634
35 25 8956
27 29 7031
2 25 1927
30 21 4403
8 17 601
30 24 4182
21 33 6257
14 20 6228
9 29 7860
24 5 8136
39 12 3453
33 5 1885
2 28 430
18 23 7327
16 27 7842
20 13 5239
25 30 1569
16 29 5532
39 23 1952
16 25 5255
37 31 6993
19 3 7302
11 14 9953
17 6 3839
9 35 9006
24 37 1197
3 18 4643
22 31 4723
15 14 2666
27 28 1451
14 33 8610
32 34 6896
14 17 6350
33 36 2142
35 15 6021
3 32 1293
1 36 5212
15 28 88
23 27 8608
37 22 1310
38 5 4818
6 3 9923
32 35 1652
8 7 6316
10 28 3908
35 11 6613
13 32 1879
17 31 1654
5 20 1127
39 8 4295
3 1 9382
14 30 6901
2 32 2654
3 22 6069
38 40 4507
2 25 3475
19 13 2802
37 36 9364
38 30 4664
1 25 9695
6 31 8547
4 15 9969
32 14 8480
25 2 6100
15 2 4453
38 7 9339
22 37 8924
25 18 2348
38 4 1208
31 5 6717
39 6 2633
29 39 3678
4 14 2409
27 29 2814
22 3 4458
37 13 7074
37 25 5032
1 28 8766
30 4 7616
20 10 2745
35 24 5466
15 1 4069
22 20 5692
13 12 9351
20 34 3210
40 30 2003
13 40 3983
32 4 9527
5 20 4139
1 28 6616
16 22 5067
16 1 8769
27 16 7518
22 35 7987
6 4 558
22 10 8626
4 14 8247
26 18 7036
31 24 4802
17 2 5845
16 20 881
19 15 3402
23 40 1209
35 29 772
32 19 1012
19 31 6014
34 16 7360
16 40 3632
36 23 657
2 12 1761
11 7 5274
5 19 5742
14 3 1378
29 25 9227
26 30 4676
22 30 3223
6 4 2255
40 14 4924
33 9 9665
29 19 3192
28 4 2051
21 2 180
6 5 4892
12 8 9329
37 3 619
14 30 2612
32 19 8974
25 6 1997
31 17 2493
25 1 4338
33 6 6264
13 32 5217
13 11 3490
5 20 59
3 25 1090
9 33 1759
36 22 4422
29 32 5849
13 38 4197
9 4 3590
25 31 2062
15 38 3157
14 38 907
2 18 3349
28 9 2989
31 9 460
26 30 5240
11 1 2084
10 4 4180
27 13 9698
7 5 6551
14 1 9938
37 38 1261
29 15 1272
39 6 8372
4 22 5486
12 20 5142
4 33 4461
10 25 397
11 12 3349
18 13 5197
16 19 5174
19 24 4262
39 21 4094
39 4 3903
15 27 6365
38 27 6849
25 27 776
24 34 2432
11 32 3483
27 3 4330
3 5 7102
23 22 2922
32 33 5367
14 32 1332
32 20 1873
10 13 3974
32 17 1259
3 26 117
4 27 4019
20 15 4475
22 14 346
17 8 8177
31 24 2819
14 16 5417
35 13 9746
37 19 2633
26 36 3069
35 10 612
35 31 8881
11 32 8657
14 3 8605
14 35 8753
29 18 890
35 32 596
16 37 8888
11 35 4050
5 23 8021
10 17 7912
38 24 3370
23 19 1552
3 31 9272
36 17 7745
22 11 7198
33 29 3949
16 36 3720
34 23 8630
19 27 4320
37 6 5495
4 24 3966
38 16 7973
8 35 4307
29 21 1212
1 24 4491
17 18 407
25 14 9586
30 8 9056
30 38 7995
1 35 435
37 3 199
26 28 4543
12 9 8185
3 32 148
4 13 3950
35 18 2930
18 4 1814
4 14 2649
25 31 2167
2 1 8002
31 17 1914
23 33 9391
31 25 1727
2 6 6048
35 11 1367
37 15 9105
11 6 7389
7 12 577
37 38 1713
16 2 8219
6 8 6619
38 29 3433
27 31 5518
30 8 1089
7 2 8363
35 4 1694
36 3 2126
21 3 9298
27 11 7478
13 9 6793
38 16 378
26 8 6651
29 19 3012
2 19 6445
31 13 9820
25 9 8684
13 16 9966
25 34 1415
29 3 6403
4 2 7149
9 4 3891
3 21 5673
5 31 9444
4 5 6591
20 22 8589
40 13 262
12 6 5424
9 12 6258
9 37 274
18 20 236
32 15 9049
24 2 618
6 27 1243
28 17 3124
13 39 7586
1 26 8943
34 39 5781
16 7 138
7 23 3290
5 3 6632
14 1 8585
35 33 2078
3 5 8935
18 25 8264
11 28 6732
9 22 4438
37 13 8515
14 19 2115
16 20 7174
8 28 2889
23 5 6777
20 36 5705
16 36 2661
30 15 7277
39 11 6524
26 19 543
30 22 4942
8 24 1834
6 31 316
6 26 8092
9 25 935
17 20 3430
1 16 3784
36 32 3771
30 36 5062
31 2 7216
17 39 4435
40 37 8041
32 20 8007
35 19 6600
26 37 6999
35 18 6531
25 38 17
40 13 884
12 11 6215
37 2 1191
21 39 7241
37 36 844
16 37 7362
14 17 5093
26 30 8600
8 40 7296
28 14 2916
4 35 4223
7 26 2379
24 14 8013
36 9 3649
36 31 4284
18 16 6948
6 22 3650
38 26 45
7 16 1834
33 26 4948
5 32 2216
39 23 8914
26 6 9811
2 37 679
25 36 601
7 8 2802
19 14 4578
23 27 9869
2 32 5117
35 14 1933
40 26 1204
27 32 3165
38 3 382
38 25 8086
33 8 2255
5 9 3529
29 13 8502
11 29 5057
12 37 866
39 2 8612
4 16 9695
29 19 7545
13 38 4484
29 26 1831
21 39 2810
4 24 601
39 26 9284
20 15 7840
22 36 3643
37 5 2813
37 22 2589
3 14 4410
37 30 1213
3 33 6419
15 22 2096
28 38 8441
11 15 346
9 27 6095
7 16 4279
28 12 1033
7 19 9783
36 4 2533
24 15 5828
25 20 683
7 1 9607
18 2 5581
6 25 2422
34 25 106
32 36 5894
30 29 2887
4 15 9429
19 12 5359
23 11 2643
5 14 6244
28 5 4892
37 2 7084
22 12 7840
40 23 4206
5 35 7806
12 16 2515
31 14 592
26 27 3553
40 22 4374
32 4 1576
20 19 4342
21 11 3698
15 14 7472
15 9 1711
32 2 2964
10 16 9456
4 10 6608
35 34 2972
8 31 7216
5 13 2708
38 4 5466
10 15 8279
14 40 3706
14 34 3092
10 2 7126
2 20 5332
32 6 4580
37 20 4279
31 9 674
1 29 8674
19 33 2918
30 33 9303
2 15 1673
21 22 5022
33 9 4298
32 2 1924
11 36 7540
8 9 7753
3 12 2727
10 38 3743
22 14 4386
21 9 1721
16 29 8526
21 19 2534
18 38 3687
29 33 6960
18 40 6984
9 4 8783
3 6 4902
32 5 5390
12 15 9018
8 33 9735
22 14 3023
20 28 1847
36 28 3663
37 3 7128
16 19 1735
22 19 2932
32 12 7074
11 19 7660
22 30 7867
19 2 3130
26 8 5310
5 30 3876
12 21 3427
5 3 2844
4 10 1719
32 26 679
37 4 4040
30 31 4321
27 33 8789
2 29 6858
29 2 2660
30 40 2165
13 21 8245
17 26 2819
33 3 9084
4 37 8433
25 33 7533
3 20 3453
2 32 287
6 7 5705
16 36 340
32 39 2251
28 31 8091
8 31 1433
24 29 7567
9 1 8717
18 20 6789
14 12 1855
19 17 4906
31 37 5107
38 21 2662
17 30 1206
34 22 6027
19 18 2308
2 6 7044
19 5 7639
13 5 455
25 30 2397
33 16 5143
11 31 1119
14 33 6674
27 37 298
11 10 6983
39 5 1425
17 33 6951
15 40 6262
28 37 3862
4 35 4810
20 6 3613
40 38 9713
2 16 4450
38 10 3446
15 37 6196
28 20 214
16 40 3639
39 30 933
34 12 2003
26 5 8490
7 5 1063
26 39 3261
2 37 1154
25 9 6756
14 12 3898
20 1 4670
35 36 5735
33 30 5663
30 40 2740
39 18 6999
27 39 9218
10 15 1119
23 15 4377
6 32 9371
35 17 2087
14 39 3574
9 14 5506
23 3 8388
7 15 431
12 14 9810
28 30 4644
28 35 9076
7 14 3704
37 36 2387
30 8 8248
4 28 4558
4 36 5348
10 9 2066
32 2 9809
34 19 4428
25 27 5400
15 32 3302
14 1 5691
22 36 8176
36 2 5999
14 5 9391
4 2 5482
28 25 3336
38 25 8300
14 28 1626
32 36 7237
30 3 3664
28 20 6101
31 18 2551
24 18 9870
2 12 9596
2 40 7317
14 30 1775
32 37 6927
16 36 146
7 12 6877
8 19 437
24 4 5320
27 33 8011
7 30 6621
35 8 9667
6 3 1927
15 2 385
17 28 3738
23 29 6318
3 28 1923
12 15 2668
6 15 7033
39 8 1284
10 18 466
25 38 8376
8 10 6669
15 14 5073
19 26 9837
38 7 8474
3 28 3316
11 6 96
1 39 663
15 16 2749
6 38 4449
31 1 1825
20 31 812
1 33 9343
39 6 3512
34 10 9391
7 30 4729
4 30 8367
40 24 2812
2 13 5343
32 38 4576
27 39 802
12 15 7192
38 10 6504
25 35 3690
22 15 2297
8 22 6592
29 39 1797
9 15 3833
36 39 6164
26 30 5334
9 40 3162
3 2 7555
17 25 3141
12 7 4381
18 6 3402
27 15 5599
19 20 4101
37 7 2702
4 17 2148
26 23 6317
20 36 4967
28 4 333
16 30 4609
16 14 1400
15 38 3853
21 8 5065
27 15 5615
35 39 4075
10 13 4606
32 17 5094
33 29 6569
2 7 7029
15 38 1844
37 14 4460
39 23 9534
35 20 4157
10 4 1238
15 40 4956
10 25 4335
20 21 6666
35 18 2684
6 3 9452
5 15 368
5 8 4257
38 37 4374
40 39 2193
16 1 736
40 39 6959
36 6 8855
18 31 6456
28 24 1450
35 1 2935
28 3 3028
30 23 3564
27 14 9326
27 21 20
24 26 3128
20 22 613
22 4 1427
32 23 2542
8 29 8189
11 37 7607
17 15 4918
23 9 921
20 9 6126
31 21 8222
11 19 2695
7 31 3962
14 15 6162
35 36 9475
8 5 2411
5 11 9671
34 20 1468
27 25 1003
31 37 7059
2 26 3023
36 4 3171
2 39 3509
36 12 1097
17 16 812
34 28 9794
39 9 4974
9 8 1076
19 22 4289
26 27 4690
36 26 7878
39 8 4719
5 21 876
34 33 7537
20 6 9077
29 23 8537
10 29 6159
22 38 4096
30 27 8261
26 34 1081
16 6 9243
40 17 6559
18 34 6169
1 20 1752
3 5 6242
34 10 7385
12 1 1087
38 37 3416
24 31 2113
4 16 6564
3 9 8473
1 12 1746
20 35 3496
33 3 8094
15 24 6352
34 32 8271
3 28 688
5 30 4805
40 15 9705
21 1 6385
20 37 1249
24 40 4559
11 19 4348
31 24 5293
1 6 4039
11 28 7706
13 21 7366
39 5 2423
14 12 7670
5 33 7229
31 8 1023
28 35 3227
13 39 2637
4 33 271
34 35 874
5 24 9724
19 29 5786
20 19 9848
33 38 7742
35 26 2346
1 2 5530
40 9 7801
12 40 3415
17 6 2731
27 38 525
6 3 7578
4 13 4889
24 37 9673
37 36 9184
23 33 8572
15 8 7087
9 37 1712
19 20 6034
23 39 9345
32 1 9442
20 18 8310
40 38 8585
40 39 6909
14 9 1999
6 7 7736
8 4 8906
39 16 3046
27 6 8075
2 5 2997
24 35 7066
27 37 8651
26 11 4754
5 7 4543
18 1 2258
6 15 2858
34 13 8313
21 5 6075
31 3 2346
8 4 7277
32 10 2241
36 26 9332
13 30 3921
21 14 1311
39 25 1823
29 12 2697
31 33 9844
3 37 2679
35 10 6878
13 3 2890
19 24 4429
1 6 3453
38 25 1396
27 21 8172
31 35 428
4 26 3296
9 38 4085
6 32 2703
8 16 2931
33 7 8764
4 38 9981
32 21 3697
21 20 3086
38 25 3197
3 13 5688
24 40 912
14 30 3292
21 33 1765
38 16 1868
6 1 7607
38 11 7873
21 8 1436
35 19 9761
14 38 8811
34 10 2987
18 16 7599
5 40 2436
23 33 1584
13 10 5628
24 36 2031
8 5 8479
19 35 8377
9 20 590
34 19 4087
3 6 7855
36 5 1107
31 18 4848
5 21 6604
40 8 3094
23 31 4020
13 1 5571
9 33 93
7 6 944
25 23 1509
11 14 6406
34 21 734
24 25 5151
2 30 3168
23 5 7589
2 9 5005
14 1 2544
24 20 8569
2 20 6250
4 31 7549
9 17 9976
5 18 9132
8 13 2439
36 11 4181
25 15 488
21 25 5974
32 2 3209
7 12 6839
38 22 9712
17 19 5907
25 8 686
34 32 7374
9 37 7635
34 25 6602
8 18 8126
3 17 1577
15 33 3934
38 18 7112
37 16 3686
9 34 8779
25 11 9574
4 9 9166
17 27 2435
12 40 2253
21 16 4948
7 36 9084
24 10 3556
12 33 7657
3 12 6259
20 12 9738
39 2 2797
27 6 696
8 6 1220
27 17 906
37 7 9564
17 9 630
27 2 8743
23 34 3231
34 36 9676
19 14 6986
33 24 3752
14 38 4764
33 4 9163
18 33 7943
34 39 475
23 5 3963
37 13 3788
4 36 1248
33 1 3641
22 4 6084
29 18 7261
29 22 3727
21 13 4775
40 19 7433
24 5 4167
3 19 2821
40 15 265
30 38 2931
16 22 1384
36 14 7919
3 31 6682
20 14 4206
23 38 7665
7 39 4476
39 28 1721
7 29 5411
17 30 2677
14 1 2642
14 27 4511
15 21 185
39 2 1166
4 32 5479
14 4 8906
34 18 4971
25 39 6131
12 19 5987
14 28 1923
7 4 2690
28 7 6158
37 5 6407
15 34 6847
8 23 2746
14 37 6995
13 3 3529
30 2 4366
28 5 2137
19 18 3533
38 36 2009
13 14 3400
6 3 126
7 39 2568
33 37 3110
19 38 3359
2 30 2090
25 13 4594
19 27 1726
3 24 4351
12 35 8193
19 31 6896
18 30 3366
13 30 8517
16 17 2766
27 25 4334
2 6 7678
27 20 4759
39 24 1504
28 37 4081
5 2 176
21 24 7486
12 6 3637
39 19 2341
39 1 6481
24 8 8304
35 20 7663
24 13 6224
29 30 6741
23 21 6078
34 11 1775
11 4 9898
27 1 1762
10 37 9202
38 11 4805
10 18 1457
28 22 4422
6 16 5073
25 10 1595
35 9 7747
5 35 3728
3 24 2302
24 12 9341
18 14 6151
7 38 4200
8 28 1642
40 39 7031
13 16 8367
2 22 4501
29 2 6334
16 40 5096
7 35 2808
7 6 5876
28 34 2593
28 18 2188
23 22 7001
36 10 8538
22 2 8907
20 1 8423
5 20 3226
7 38 6455
25 23 5678
4 22 1718
17 38 4335
21 37 3860
3 14 8610
25 1 5207
28 20 626
3 33 9488
30 28 7810
25 10 2834
36 11 7229
1 29 7531
13 23 7221
10 36 9585
26 28 9833
8 25 4981
32 39 1917
38 9 81
9 26 3161
12 21 5412
3 32 7339
4 5 2134
38 13 3034
40 39 2152
18 21 8504
38 35 4401
36 24 3846
13 29 8303
2 20 2067
27 9 529
29 4 6157
17 1 4521
8 20 9387
27 29 4027
16 33 2178
40 7 3882
26 32 3196
20 37 3482
36 8 6822
36 40 5554
32 1 5401
25 15 661
24 26 391
28 27 8829
40 14 142
28 20 6023
39 30 22
32 1 8379
4 10 960
13 17 470
7 11 9670
35 27 8442
36 23 9152
10 15 5966
9 25 7010
27 26 7952
15 9 2077
31 12 7104
30 9 8268
16 15 4446
35 7 1723
37 6 1971
28 6 1742
6 18 4009
27 20 4890
1 24 8998
10 13 546
4 37 1444
32 12 3148
22 10 5461
14 35 793
2 21 1964
19 39 5769
11 18 6509
33 35 6985
13 15 5806
7 20 1300
6 24 5318
30 3 8980
33 19 1910
17 5 7025
5 7 7902
9 27 4065
28 24 1778
12 28 2121
17 2 1716
36 37 3142
25 13 2497
37 17 452
37 1 6080
40 24 4100
35 3 7574
30 21 1091
31 23 5485
14 5 9468
20 27 1243
10 7 1456
29 19 8913
23 36 2035
13 32 4711
1 39 4500
40 15 624
23 11 8408
3 19 6191
11 10 3756
10 4 8320
32 15 8085
29 18 9854
39 19 4923
7 35 699
23 39 3718
22 33 6534
16 13 6286
14 19 8967
9 27 4524
30 4 4611
12 16 1745
20 27 1190
12 8 7169
31 1 2050
19 34 4548
30 31 6829
36 18 9929
25 7 2917
9 13 9347
19 7 7116
38 36 5133
14 28 4828
35 12 6795
25 22 6504
29 37 3882
29 20 1293
21 32 803
25 36 2291
18 9 7410
30 7 3382
37 20 2733
20 38 2798
22 9 8843
34 31 4791
23 17 6584
24 4 5403
24 38 8446
11 3 5160
39 10 7243
28 10 309
15 24 4558
38 21 1660
18 2 1729
15 4 3963
26 20 9643
37 40 9686
4 28 951
22 1 3230
18 20 8897
16 8 8481
35 21 4809
8 10 4238
22 18 1231
28 14 395
26 6 8000
24 14 7546
4 13 3799
13 24 6633
12 36 3880
20 39 3308
20 11 7528
8 2 2489
6 13 286
7 34 7977
6 16 9534
1 39 4313
33 19 8433
33 35 1250
11 30 8289
29 23 8589
23 7 6244
30 8 8852
38 35 1792
8 37 9056
35 15 3631
40 37 6900
22 19 6881
10 17 2294
36 21 5213
4 14 5393
34 2 8720
1 6 7070
37 18 9257
9 15 4072
3 16 2808
39 25 8074
25 16 630
10 35 5392
17 4 5455
39 26 7200
30 37 2508
40 15 1677
18 16 9476
23 33 3874
19 38 7577
7 29 814
26 6 3553
3 24 3708
6 10 4967
23 26 4608
6 26 9806
36 11 5471
37 30 5665
32 40 2900
28 4 3604
40 32 7386
6 19 5813
15 35 4624
27 23 2994
24 5 1261
22 9 5735
27 13 3462
23 25 4450
13 29 8029
34 2 5625
30 16 7574
9 8 8650
39 8 2055
16 23 8669
4 23 2404
17 8 4338
10 38 9124
11 10 5303
28 29 2553
28 15 7993
17 18 6992
18 16 5204
9 26 1284
20 39 5951
24 2 3502
12 36 6647
22 18 5515
4 1 8817
21 34 3614
19 7 8207
14 24 1134
18 7 5229
17 14 2931
35 25 9896
16 9 9346
9 14 7225
22 3 9259
11 30 1443
31 35 7008
18 14 9619
31 35 408
1 29 4589
1 22 2888
14 2 3220
16 35 1828
4 9 1488
10 16 5234
33 26 1415
1 11 2504
24 29 7300
16 26 2421
31 33 6158
7 16 8867
17 24 843
10 23 9395
19 34 1158
34 19 1409
8 22 7206
10 6 6158
24 7 348
1 16 2228
9 20 4156
35 3 5002
19 35 324
6 16 1624
31 2 6300
1 29 8632
36 31 3934
29 9 3819
35 27 5065
22 8 3892
20 12 7760
6 5 2362
13 34 5479
17 8 4305
36 40 358
39 1 7275
33 6 939
29 10 6179
24 22 6023
15 29 9148
1 21 6651
3 1 6934
8 5 7544
14 39 4536
4 15 7786
9 13 7092
5 38 4693
40 10 3274
34 23 5654
2 17 4052
24 12 1997
31 6 9392
11 20 7170
11 7 4602
24 3 3316
16 37 2819
13 24 6622
20 14 6488
30 15 1186
37 20 9107
22 8 7089
19 1 1213
20 30 2960
19 31 1555
9 11 3886
30 9 6456
10 31 3630
40 19 8585
38 40 4007
26 35 4538
37 19 4581
16 9 2816
13 6 8245
14 11 7276
4 40 5084
29 8 4253
15 29 1941
2 3 6372
25 10 8308
18 24 5164
22 29 4250
15 10 1371
22 39 7947
11 35 5852
23 34 9963
38 21 5158
21 19 4355
12 38 348
5 10 2576
35 37 8891
6 13 3806
38 4 4367
30 13 6857
1 38 2230
25 13 4395
36 21 1055
18 11 6866
33 13 5790
33 38 3600
8 11 9746
2 4 1763
19 36 7206
17 3 2156
37 10 3152
22 23 1272
1 7 4755
11 1 3097
36 5 7569
5 26 1430
15 12 192
36 9 4308
30 15 4135
27 37 9880
4 36 7860
32 26 2076
29 40 9904
19 22 9676
21 28 8784
14 2 8555
9 4 7033
33 34 5745
14 9 7272
4 34 2856
11 18 5026
38 25 4668
33 23 776
17 26 6616
37 9 8516
18 39 3647
27 8 5074
4 2 6376
13 11 1155
27 11 4200
18 20 2969
7 13 3675
12 30 1219
31 24 3882
23 5 8097
34 28 835
26 6 2269
18 14 8621
20 39 9089
1 30 3793
22 4 3664
16 15 1734
28 10 7406
37 10 1100
23 12 1687
2 33 6231
14 31 3608
27 33 4835
28 9 3309
8 15 308
8 35 305
39 4 9955
20 8 9505
19 7 3098
28 38 4866
22 10 8631
6 7 4890
6 10 4576
5 18 2877
30 14 5298
38 4 6922
1 5 7322
6 29 704
21 3 9406
37 29 4210
22 19 3249
15 29 8255
35 8 8113
7 3 4410
16 32 3604
32 37 3391
1 10 2804
17 5 3822
30 20 2941
18 3 5266
14 21 4419
34 5 5528
10 28 3155
24 15 7063
37 32 147
37 29 8625
34 17 2466
17 19 9758
23 20 9958
39 31 2613
26 6 524
11 29 1069
10 4 3104
22 6 7818
32 11 3725
23 21 5045
15 10 3335
21 24 8831
5 19 4866
40 6 1538
12 30 2524
24 40 9989
20 39 9511
2 38 2725
13 22 6524
27 36 9247
36 15 4738
35 30 4210
34 36 5
1 3 2586
13 20 2355
19 24 2793
9 35 8120
22 29 7900
36 40 8232
19 3 1206
18 24 5586
28 8 2028
22 24 9058
8 7 3885
17 3 838
21 6 5070
16 24 6373
2 12 9832
26 15 3494
27 14 6380
23 26 9534
3 7 8213
15 8 1670
35 23 9222
30 7 1600
15 34 8005
22 13 8637
27 16 2611
19 15 1881
19 8 6709
4 22 370
29 9 7549
31 38 3209
34 30 5293
3 29 4183
35 12 9479
2 33 8185
1 16 1141
28 2 4163
34 24 1611
6 24 9853
35 12 1097
33 2 918
37 4 3276
21 11 3428
32 28 7704
31 4 7978
29 3 3656
34 21 8935
12 31 3567
7 32 6454
9 35 6973
37 40 7071
38 31 2241
9 30 2869
15 4 3008
36 11 7095
17 8 1308
20 38 4548
28 17 5741
23 38 153
13 21 5752
23 20 9923
37 24 3124
16 15 5014
20 4 9263
12 8 3609
4 29 6481
28 13 3627
26 18 5359
16 23 570
29 30 5790
31 3 1103
34 17 6768
3 19 3368
38 21 8952
9 27 6397
32 12 293
35 3 7276
16 8 3907
19 32 3189
10 40 4085
32 2 3394
16 18 1071
25 9 1
13 9 1414
30 16 5366
28 38 391
22 6 9689
8 1 7614
4 18 2241
6 23 9533
1 4 4566
10 7 3641
16 26 3697
25 33 2568
18 16 6680
37 1 3385
16 14 3309
13 22 5224
34 13 5479
15 10 49
7 25 2757
36 33 4398
22 5 6586
12 35 4526
4 12 3658
26 11 7342
35 26 7754
37 18 1020
35 10 1425
15 24 4386
40 33 3668
14 4 1652
32 6 4887
28 15 3389
21 34 6657
34 2 5238
24 36 3669
15 12 9156
13 10 2199
39 13 7051
31 10 6081
30 15 6796
37 4 8524
17 10 6807
16 4 6040
28 1 4690
27 35 542
23 29 6432
7 26 3102
7 18 9167
38 17 4085
31 30 641
7 34 4930
29 36 7880
23 28 5604
18 37 8764
3 4 8883
1 14 9271
28 21 8946
23 5 6483
29 1 8195
1 25 6795
23 16 1932
1 26 8133
17 3 3454
13 36 4319
26 19 7655
15 27 4585
39 3 5290
39 6 1277
34 30 2439
7 30 8156
20 36 509
37 7 2288
12 38 7058
9 39 729
39 3 704
23 22 2252
35 1 1634
28 15 1805
34 18 5845
33 6 2190
24 37 6427
30 32 9839
9 18 839
23 35 3666
24 5 4165
31 2 903
35 19 3235
6 2 7299
23 7 9575
22 35 2034
1 18 2007
12 32 1499
39 37 5202
10 40 3865
33 7 115
7 14 3143
3 19 6555
3 30 1163
36 14 9845
12 28 2220
4 11 838
11 8 1778
18 20 4547
40 27 3486
34 7 6706
22 24 5268
5 31 6634
1 21 4123
34 26 9251
32 16 858
40 17 3908
35 30 5946
20 39 6194
1 37 2449
6 4 587
2 15 6566
17 13 8132
33 32 82
1 19 2319
11 30 5113
22 24 8204
20 3 2258
33 5 1113
33 15 1673
12 31 8929
37 13 937
40 33 2061
9 40 228
11 13 5423
11 14 4244
39 16 561
6 23 5948
18 9 8014
37 9 5211
3 30 1456
34 20 7969
39 5 4805
37 28 2401
28 40 669
18 30 6099
14 24 5676
23 32 4397
27 3 6391
31 6 6226
26 18 5700
39 9 5339
17 33 2273
5 37 4604
31 4 4006
12 37 4834
23 26 8318
36 30 7621
27 12 8126
31 36 9333
25 29 8654
17 18 739
40 10 7078
19 33 6977
12 36 9162
23 10 2347
29 25 9898
40 26 2956
25 3 9988
16 33 8280
18 14 6972
13 31 8596
19 29 1571
8 38 2
40 14 8845
28 7 9480
39 25 6773
33 20 2506
39 29 9542
4 3 2298
36 7 846
15 5 8656
17 9 6500
31 26 9872
24 32 4107
19 17 9105
13 24 3922
9 19 6721
24 11 6383
39 22 3069
5 8 7398
3 33 9176
8 2 5456
33 34 3253
25 18 2539
33 34 345
32 26 706
8 34 6858
27 8 9438
37 3 2448
34 6 1239
36 8 8662
6 38 8196
9 6 8765
37 18 4641
8 6 6408
29 17 5954
39 6 7250
33 6 8620
40 5 657
5 33 10
7 16 6710
17 1 670
17 35 9056
33 22 1510
11 9 49
25 26 8827
35 23 4062
9 20 3654
5 7 7303
36 14 4650
16 15 409
25 14 7209
4 1 4689
20 5 3354
26 11 5026
27 5 8973
18 37 351
32 25 7138
23 9 950
28 30 6598
5 13 766
15 27 6922
4 8 6254
38 37 336
8 16 26
38 23 2892
35 40 7477
3 21 4484
32 26 4979
27 25 3802
29 16 4029
20 35 9900
22 18 8352
38 15 1422
15 21 273
20 14 8486
40 31 69
20 37 8740
21 35 794
16 32 394
23 26 228
12 39 888
7 37 4209
11 26 6892
8 9 293
37 17 6782
6 11 7192
26 25 7424
9 17 5335
21 31 5
6 40 7719
20 3 8176
34 17 5570
34 37 923
18 33 2168
15 17 47
16 38 7282
14 4 6526
25 12 5714
26 10 8970
16 9 3045
36 18 967
26 22 2358
22 28 4435
17 2 5008
13 23 5863
17 19 6973
27 10 3693
23 11 5363
9 40 7006
40 27 8284
12 37 2422
39 36 1585
13 28 928
29 40 2253
17 27 2632
38 26 2975
25 32 8214
30 10 1262
24 33 8493
33 6 5112
31 20 1941
22 31 739
40 14 5268
7 29 2050
26 24 2653
2 37 1024
25 33 4458
15 6 420
19 14 5601
2 24 8066
17 6 8999
21 39 7597
17 35 4223
31 12 5362
28 40 40
31 20 8204
11 32 4384
36 10 8541
10 3 5278
37 4 9071
34 10 5189
32 22 7707
18 26 8261
6 38 474
23 10 329
18 22 677
26 36 2712
27 4 729
17 9 3386
7 30 9140
34 12 3841
29 18 837
24 33 54
29 28 8217
12 14 8146
31 6 8600
12 27 853
20 29 6704
5 40 4278
11 37 5232
27 20 4891
9 13 7668
26 29 3877
37 26 5414
14 7 2427
3 39 7312
25 10 8635
17 39 9787
9 1 827
1 18 4730
37 7 9702
5 23 1831
37 6 8539
25 22 1791
24 37 9905
22 26 4801
30 22 9252
9 34 7662
6 2 1765
12 22 3804
20 23 5616
27 30 2295
22 4 73
36 22 392
3 33 9774
2 40 431
24 16 878
9 37 6068
17 19 691
7 16 4314
6 10 7676
10 40 7380
12 33 3856
18 26 5110
3 10 8891
25 38 9606
24 18 5927
1 39 5273
38 35 3425
24 22 3044
10 18 1755
2 11 7466
27 34 3103
36 29 2040
7 28 3787
15 14 48
38 16 1899
14 13 5507
26 29 4573
30 26 1613
23 24 8908
21 5 3068
32 8 2299
6 24 3063
29 22 8969
29 28 9608
20 5 687
24 9 8028
3 6 4942
14 35 3709
3 17 4350
19 14 4995
20 32 1908
28 22 8006
22 19 4247
13 23 8322
31 27 7535
9 1 5254
9 12 4585
18 36 7299
32 17 7556
21 19 733
22 19 3239
30 6 6757
21 36 8737
24 13 7723
17 3 7292
2 4 1172
36 18 4235
21 24 695
3 21 2108
24 38 6200
30 22 3655
22 32 4286
31 21 640
15 34 3438
6 18 8328
23 34 1196
5 29 2705
13 16 2072
6 28 8980
24 36 9168
19 31 6487
6 4 1709
33 38 3170
23 8 7340
33 1 6844
31 3 8937
17 14 9086
38 23 1525
12 29 7406
24 17 9332
11 14 1030
39 13 405
24 6 3412
28 18 8988
4 3 8416
16 20 667
38 2 6425
37 27 2445
33 19 898
14 17 2728
18 33 158
1 35 1422
4 32 743
29 31 9956
17 31 1749
35 33 1272
40 2 2627
37 5 3794
2 34 2685
19 8 4521
14 5 4018
9 27 7821
4 34 4326
12 30 7738
34 4 8247
4 11 4189
31 9 6293
33 20 3347
30 18 4453
36 5 5910
4 37 8255
17 6 9485
13 14 2017
16 30 5125
34 35 6046
35 19 9184
28 29 23
22 4 5106
6 14 7769
19 7 9133
40 35 8056
12 21 7279
38 2 6822
28 38 8372
2 27 3343
26 23 5214
5 17 9166
23 39 2888
15 28 4259
11 21 3318
24 37 9017
30 14 4424
19 11 7583
24 17 7297
33 8 7718
15 24 3982
36 21 7632
40 12 2999
30 37 2793
3 12 7995
39 36 8182
20 7 637
32 31 4693
4 25 9891
36 21 7608
14 25 3700
19 31 3241
5 11 8604
31 24 6167
7 31 1409
26 3 8736
23 29 7116
5 12 3716
18 2 2905
28 30 664
20 11 2541
38 21 118
3 30 9911
7 16 4615
20 40 5222
25 40 1783
35 2 7623
2 22 8178
13 11 9996
16 26 402
8 2 1450
37 20 8711
37 8 3154
30 19 7181
8 10 8861
2 15 852
20 13 6163
7 35 719
25 27 4844
9 14 4034
30 32 3452
10 20 9348
7 35 5679
14 34 6872
6 9 5042
26 30 1325
11 7 3859
10 14 3448
21 28 1145
38 35 3651
5 18 8232
8 22 6486
16 23 2165
22 25 3487
13 30 3370
26 22 7315
12 5 645
1 34 4671
25 8 5026
25 3 4133
33 13 377
40 23 543
36 25 1492
9 31 7223
5 4 5741
8 28 6255
15 4 6208
19 17 483
26 21 9681
32 39 3542
1 14 9916
21 24 8342
13 31 8461
39 35 1484
38 34 7601
9 4 8946
21 12 327
38 31 1748
1 36 5875
28 3 7781
6 19 3833
11 34 3781
15 10 3746
23 16 5489
20 13 2355
16 18 7660
12 7 2895
6 35 258
33 16 6206
14 2 2733
40 26 1198
9 38 894
5 14 230
12 22 9710
6 17 6688
29 13 650
24 19 1204
38 24 4580
34 32 4702
40 11 5153
24 33 3230
15 32 3353
32 8 1588
31 28 5828
34 21 1583
29 21 227
21 16 9763
1 14 1905
26 14 1685
40 30 5732
38 13 788
24 5 4100
3 34 3055
33 23 5953
26 18 109
11 27 111
13 23 4258
34 19 1795
32 14 8244
29 36 3322
33 3 7040
34 30 2336
31 17 8055
36 2 9049
22 19 5367
30 39 4169
33 29 9207
2 38 3216
17 12 9994
7 23 5520
6 37 8856
13 16 3048
14 27 9362
38 4 2144
18 7 4554
37 20 6367
16 14 5026
1 28 5627
38 34 115
9 13 3826
17 32 5740
27 10 2291
8 39 1252
33 23 3595
26 30 5975
21 9 4472
25 39 7320
34 13 9177
26 3 5757
24 3 4788
25 32 6988
4 38 9970
22 20 3606
14 1 7929
37 8 6754
36 40 4970
13 4 70
4 8 2454
20 14 739
10 25 2002
24 37 7478
33 7 7597
12 15 2696
10 39 2443
4 5 9548
10 13 2278
22 13 2055
18 40 4062
17 37 4152
29 30 4163
39 34 4723
12 22 2466
10 13 3895
18 40 2558
17 36 2721
39 17 2972
22 1 9504
17 36 8702
9 20 724
8 39 7114
17 11 2265
2 6 1010
5 13 8947
26 5 3896
20 40 9211
27 32 2843
30 7 953
32 2 6514
40 10 5785
17 30 8775
11 34 5243
8 30 8119
31 32 2959
17 1 6130
20 26 8795
16 7 5777
10 16 5690
19 38 6701
10 30 2926
21 14 3590
32 8 2284
3 35 7659
16 8 1341
24 4 8157
4 38 6973
15 5 4704
19 28 9054
39 31 5297
4 13 3250
23 27 9032
33 17 3729
11 26 8791
1 12 3021
23 9 24
11 16 7691
22 33 8367
19 14 5640
6 21 679
19 7 9203
35 8 9036
33 11 9826
4 34 7770
21 12 638
35 31 3188
18 33 9766
4 22 3858
38 10 9724
2 23 9253
38 9 4752
23 36 6069
29 21 3904
30 17 3086
34 11 9613
4 18 3871
4 5 161
10 4 6649
37 33 2549
33 25 2262
30 36 8993
37 20 1704
38 28 2522
10 31 8784
14 39 529
31 2 3702
3 25 4685
20 13 5845
37 29 3506
36 6 8650
33 8 7542
40 15 2755
16 34 3242
31 21 3980
6 10 737
23 24 3877
19 35 2092
16 3 4839
22 23 6920
18 11 1305
31 5 9337
15 10 656
34 36 4406
15 24 8799
9 30 8995
34 14 3446
38 18 849
10 5 3956
32 29 7099
31 22 527
21 38 4079
12 40 3745
35 2 3731
40 34 9398
13 32 4987
38 28 6329
21 4 394
37 34 3711
24 33 2774
17 39 1880
27 25 2523
12 26 3278
6 20 3001
24 22 1516
40 30 742
24 17 9958
21 22 8203
1 25 3926
29 27 433
2 34 7715
12 5 4049
38 13 6109
1 4 1019
40 14 9415
3 8 4631
23 12 1655
36 32 7318
25 32 2502
18 19 3154
13 23 3767
10 26 9250
12 6 6385
10 40 9378
5 39 309
18 33 9892
15 2 8215
29 18 1433
14 1 692
2 30 3229
1 29 3379
8 23 4800
31 11 5376
19 20 8911
34 25 307
35 30 3304
8 40 7311
7 33 3597
11 6 6016
39 29 1972
29 34 4500
20 21 8755
25 7 5484
25 19 6216
3 39 5274
10 2 338
37 34 2556
19 12 5211
5 28 3869
37 4 1242
16 14 761
38 9 8828
5 3 9872
7 28 5047
26 9 5811
18 30 4722
1 8 1647
13 40 6126
28 12 3224
15 24 437
31 27 2466
9 2 2380
29 25 7570
16 5 1999
15 5 5782
21 38 9816
37 32 1154
12 35 1442
19 35 3612
34 33 1422
20 12 7103
36 28 3768
40 28 6895
19 11 7099
8 16 1901
27 39 1053
26 10 2599
13 36 5078
9 16 5119
25 30 9277
18 33 8127
27 22 1140
37 1 9499
22 40 5868
39 2 391
18 22 3450
28 40 6737
15 13 5417
6 14 7514
40 19 4081
18 4 6665
25 11 5377
34 20 2046
22 35 122
7 26 9568
39 37 3060
34 33 893
31 25 3926
14 11 8514
29 13 5290
30 1 3783
31 24 116
8 7 644
18 6 4612
8 9 4836
21 12 9721
7 8 3145
31 3 8690
19 9 3819
4 30 8433
27 14 5233
11 5 1528
5 20 9221
37 4 7480
29 14 2706
18 24 543
37 8 5712
19 11 8294
37 33 7719
24 3 3052
19 12 7507
27 21 9933
37 29 3466
25 2 2354
2 21 8676
26 17 5333
10 38 9009
29 5 8488
40 38 2188
35 13 2577
15 18 3321
37 29 4650
16 9 7382
39 29 3625
24 39 6903
25 19 9264
36 26 9195
27 33 2454
24 13 4583
37 23 7281
21 14 3902
39 9 9101
2 11 9771
14 33 3638
23 37 3911
20 40 7708
1 34 6677
1 34 2013
5 21 3777
27 34 7829
23 35 2127
6 17 3331
17 34 770
29 15 941
37 1 1984
14 13 9729
24 6 1022
30 3 8466
32 5 7790
1 30 3890
40 29 4475
32 3 1025
7 38 1250
38 36 5273
18 4 6899
33 8 5123
5 13 1726
16 27 3749
13 38 3548
11 2 1210
26 25 6944
12 11 2625
17 39 7976
31 36 4383
24 31 7349
21 2 5773
23 28 4428
17 26 7657
31 30 2621
12 14 3247
10 24 1170
1 4 9533
32 22 8913
32 29 4295
15 7 2543
14 24 2119
26 15 8085
1 28 2436
28 17 6834
35 9 908
39 40 9550
12 1 2297
18 13 3569
22 2 9517
29 21 8419
29 8 1183
35 26 3460
5 10 4699
21 31 3331
8 13 5354
34 30 8639
7 14 6269
20 3 779
14 7 1562
38 12 8113
11 39 3586
35 2 3861
22 16 2135
22 40 798
26 33 3686
8 27 5409
35 13 7628
1 11 2941
13 8 2262
33 34 468
7 24 782
5 4 769
15 32 8564
28 23 5312
18 15 3061
29 36 6346
31 12 3721
1 30 8601
14 12 5239
15 7 4152
38 27 2222
19 9 1220
21 2 2357
27 35 2834
8 25 1439
38 32 3179
30 36 7138
27 14 4117
38 40 6355
33 8 8579
37 28 63
33 26 3083
36 13 9125
38 34 5210
35 18 9587
9 37 5004
20 24 3577
5 12 1741
11 17 3631
22 2 8650
24 3 722
34 28 8097
2 22 8432
12 19 8433
18 1 9142
35 27 9047
36 4 1067
18 20 5543
16 6 2200
4 14 3323
22 30 9133
27 15 4625
30 4 9010
9 19 758
6 3 881
27 1 2204
6 18 6956
35 2 8330
34 8 1696
22 20 6201
25 29 4719
16 28 6454
8 14 3112
38 12 4846
29 25 7418
34 38 794
5 29 1663
3 21 1646
35 39 6983
11 19 6222
15 7 3867
22 6 8756
11 18 4739
29 9 3781
16 6 5943
29 18 9773
17 22 3734
12 25 5650
15 7 5666
11 34 5853
37 14 1088
1 37 9184
25 37 1131
29 32 9075
40 37 5482
28 30 2581
38 20 821
31 4 1900
39 1 5541
21 11 8157
30 12 8746
38 27 9923
34 5 646
26 29 6207
5 23 9081
23 12 6587
22 10 5968
23 10 9647
15 19 8853
2 15 4349
11 21 4101
17 20 406
18 29 2044
30 29 2577
3 39 7707
25 37 7843
15 19 744
28 33 4623
16 15 9056
17 15 5615
31 33 539
40 3 5435
15 12 6520
3 19 5494
4 5 9886
2 18 5844
16 25 180
35 26 4289
19 29 9662
30 6 742
30 4 7844
37 6 4919
10 16 8808
24 27 3654
19 1 3842
2 35 9362
8 37 623
35 39 8624
5 24 4763
20 29 9251
11 9 8880
37 2 8040
31 35 7838
2 27 9864
30 21 4759
37 35 8130
23 35 1093
24 29 4450
38 36 8622
23 2 3196
38 39 2484
12 28 7299
10 13 4826
15 10 4925
18 17 2001
39 20 5376
38 18 6045
8 6 4466
15 23 6861
17 11 6135
33 19 3087
17 39 4092
39 22 5986
17 28 7422
39 9 8560
12 1 7594
37 15 5014
4 16 6945
30 6 8161
5 6 9954
23 19 7873
25 5 6508
1 21 9879
20 24 6075
27 33 8626
29 32 6824
22 1 9856
10 16 6796
20 17 1184
4 3 9365
9 7 8322
4 1 3415
2 29 7218
18 29 3835
29 3 1590
18 34 3506
3 35 2799
36 20 656
39 3 6457
30 29 2395
21 13 5620
10 28 3049
9 29 2013
14 27 4745
39 29 5208
16 13 8544
7 24 4065
39 21 6451
19 17 6096
24 22 2090
5 36 7430
7 18 1009
12 26 8066
2 29 2997
28 27 4062
40 34 8867
8 12 5306
31 35 5139
15 29 9699
13 37 6517
13 20 3327
15 24 2538
40 20 8332
15 3 3375
3 36 9491
8 10 742
18 36 5998
20 27 1710
23 24 5390
3 29 9445
14 8 5460
12 3 2388
2 30 9848
37 34 4848
5 36 2992
10 35 4639
19 31 1257
26 33 1082
8 37 9454
28 17 6460
2 39 6130
17 29 1050
26 18 9483
35 34 2330
8 14 8023
16 10 744
25 33 1433
6 30 3871
21 28 8910
32 33 7760
17 8 7989
17 2 606
23 3 5186
37 9 4797
12 20 8576
10 28 2634
36 23 950
4 38 3881
40 18 7565
36 23 3093
30 36 9210
16 22 3116
1 31 9652
30 1 4625
10 40 662
29 40 7120
24 5 6709
4 28 7755
7 8 4354
27 33 1548
19 28 3503
26 35 8994
23 12 4314
29 7 6487
34 31 7157
10 32 5112
11 29 5146
10 24 225
29 35 2485
19 20 6934
35 15 2656
9 39 5502
34 28 6355
32 25 4942
28 1 9964
30 29 3363
22 36 8214
39 20 7374
12 2 9192
18 15 5745
36 39 6982
29 21 5306
19 28 765
25 6 2302
22 8 7666
10 31 9207
26 3 8849
16 25 4471
14 10 3012
17 38 7815
32 11 6688
22 34 9141
11 15 7715
36 19 3193
8 28 3298
30 27 2355
3 9 7227
26 23 2173
20 5 5526
13 30 9229
37 3 8574
17 34 4233
7 25 7953
17 30 3302
28 21 4424
3 27 1086
5 20 1321
21 17 2128
34 6 2744
38 32 4091
5 23 8885
18 19 4354
11 28 2336
15 8 7229
26 24 973
32 27 6971
40 24 8725
16 26 7868
5 33 6008
32 34 644
2 26 4651
35 6 4331
25 22 689
18 17 1861
19 8 104
23 32 2126
4 17 8013
22 30 1975
8 27 6881
20 22 5569
34 26 7964
4 29 6769
5 11 8955
39 38 9769
21 35 7970
14 15 786
30 26 4861
29 4 6429
39 1 8168
39 20 5516
37 3 1912
8 5 7585
20 17 9090
24 33 6774
31 32 3509
18 22 9241
25 7 112
13 24 8639
22 38 7680
11 26 1399
38 40 1188
3 35 9220
37 25 2121
3 6 858
3 26 1126
24 15 6768
6 38 1989
40 29 5655
4 8 4298
8 33 4358
36 37 6375
7 19 4772
5 31 5197
27 34 7984
24 18 9233
27 3 7433
28 15 2482
32 10 3172
29 16 6681
31 40 6580
10 11 9857
31 38 5771
35 12 8156
26 28 6320
32 7 3721
8 10 129
21 34 7348
14 11 9605
18 12 3801
7 38 4348
9 2 5130
17 22 9614
21 4 5523
4 34 1084
11 24 139
8 40 1724
40 21 2380
4 7 1190
1 6 2891
6 25 5693
21 15 9844
26 35 6592
21 17 3099
24 36 2172
5 37 8089
10 27 5691
13 30 6698
13 9 407
21 29 6219
26 14 2244
28 18 3596
40 34 5091
19 8 14
17 15 904
13 19 1486
21 31 2879
16 24 9553
29 39 9771
27 2 7894
37 17 7691
20 5 8450
5 37 2311
34 30 1084
34 24 6470
2 5 2751
35 5 4277
20 23 1530
8 28 2841
9 6 7227
15 26 2893
36 38 387
17 28 1303
38 37 8629
18 36 5452
3 39 5157
22 33 8417
19 28 6745
17 1 7722
29 12 2990
6 16 9979
25 29 5427
38 28 3848
25 16 7809
17 2 4465
5 40 4888
6 38 3611
27 8 9814
17 21 38
29 38 6068
12 23 6668
19 25 3475
29 39 1585
31 27 4018
31 12 9355
18 1 8365
13 38 9960
30 5 4398
30 7 4150
16 22 1709
20 10 5002
13 22 4763
23 31 4413
15 16 6564
8 14 1742
8 3 7332
26 37 4403
30 8 477
18 1 5196
38 35 3747
33 3 1588
14 37 8278
30 8 2542
39 22 1828
11 19 6681
38 26 717
17 16 6549
5 34 2583
12 28 4572
13 1 1099
38 13 1838
29 30 9913
22 11 9547
35 14 4386
31 13 417
12 5 9553
38 11 910
7 19 470
3 2 5501
17 34 8537
38 5 2121
23 38 4221
3 26 3877
12 21 4867
6 23 8592
18 27 6951
20 15 3064
18 33 4264
25 6 9133
6 11 2349
28 30 7379
22 34 6304
16 1 2338
33 2 2153
13 17 7447
16 1 468
17 27 5503
9 25 5242
26 36 3610
38 8 7523
13 23 7090
3 24 6741
11 17 9117
3 35 9367
4 18 3825
4 8 4139
34 10 2034
2 20 1046
24 3 3337
10 20 8174
4 26 9148
25 36 2105
36 26 6916
25 37 5201
38 12 5556
23 35 8205
19 33 4108
5 32 1587
37 7 3663
21 22 5979
15 5 2017
11 40 3882
19 31 3024
20 11 8568
8 28 2556
6 25 3808
26 11 7006
11 14 1868
8 21 7921
3 28 3503
2 14 7253
37 32 3844
16 10 2454
37 20 1581
33 23 3981
5 35 9880
5 13 534
14 17 8215
39 8 6397
18 40 4651
15 3 8211
19 12 7389
31 8 3309
9 21 5364
23 11 7791
5 29 3378
13 39 1006
21 31 687
38 18 6808
37 16 1490
30 10 8024
19 27 1997
5 40 5940
31 6 8592
11 10 2536
36 35 2424
20 9 9445
28 34 637
14 19 8592
4 17 6537
40 28 8331
21 17 7893
7 4 6370
18 37 6515
24 35 1853
2 16 8800
29 3 4871
26 1 1419
33 25 6385
21 22 8261
40 3 8624
38 18 9140
30 18 2236
20 5 7418
16 38 2619
19 23 2890
3 21 845
23 32 8429
27 15 4138
27 7 4389
9 11 5780
7 28 3595
33 3 6440
1 25 3403
10 35 9184
33 11 5219
33 32 9230
1 32 5720
34 30 4523
15 40 537
22 32 7284
36 2 3821
11 36 4678
28 9 571
9 35 3847
21 5 5658
39 36 4547
37 16 1972
29 38 2767
6 24 7836
35 5 8726
6 31 4723
5 21 3374
16 25 309
16 31 4218
26 22 1993
38 26 1287
30 28 1487
40 39 101
8 6 4405
19 12 4420
31 39 3614
26 37 9355
15 19 9904
4 15 7797
6 21 2601
6 14 4164
17 27 9080
5 31 4600
10 40 1352
39 17 8188
8 1 9550
8 10 2493
4 5 1227
36 11 4365
34 16 2015
34 17 5047
21 22 6128
4 2 1102
5 24 3652
30 13 3490
21 10 6241
36 26 3898
33 17 472
19 1 2615
26 13 7646
33 10 8032
32 26 6189
13 5 3296
21 7 977
30 5 5166
38 40 7518
39 29 6972
28 36 6122
21 8 9388
1 6 692
19 12 2849
8 24 3967
13 15 4761
33 9 7416
31 2 2916
30 9 3285
15 14 1416
37 33 3356
23 17 5900
9 3 6505
1 32 5418
7 40 3658
6 10 6858
2 36 3758
4 39 3170
24 6 7374
32 9 3421
8 1 8555
16 3 4574
5 26 2431
6 34 9460
24 11 3211
5 29 2088
38 31 6510
32 8 9230
16 28 3093
22 33 5717
2 29 6969
19 11 7944
17 27 9038
13 31 8334
7 24 5413
16 26 9124
23 36 6809
31 29 3548
38 36 4824
4 25 4038
28 37 5608
5 7 9002
5 14 2398
36 7 4100
10 38 9248
33 37 2688
25 27 1447
20 40 4022
31 1 6324
5 2 8483
31 8 3292
23 17 2693
9 39 6491
22 3 8891
34 30 2177
9 40 459
28 34 5090
10 17 5316
35 37 5149
15 3 8461
11 33 7343
24 39 3303
7 40 6168
10 26 218
32 29 9114
25 11 5368
15 22 6840
30 12 6976
35 7 4635
27 39 9661
1 18 5964
30 10 8724
27 38 2579
8 37 4322
9 40 7525
28 37 4783
17 2 3116
1 19 8349
8 39 5319
2 16 5799
29 3 9375
22 4 2867
16 37 7842
3 37 9172
6 15 6410
25 18 5304
28 22 1009
31 16 3390
4 39 9197
38 12 8679
17 19 4031
26 37 23
19 7 6088
19 36 2343
12 11 6477
34 2 4285
15 16 3606
31 37 1272
11 27 8164
34 12 6028
19 6 7671
21 22 3409
18 30 5897
3 11 5046
7 17 97
7 17 2394
12 4 1301
4 21 7091
12 29 6596
34 33 4569
37 19 1330
38 2 7607
8 24 9520
3 7 6078
33 22 3845
25 12 38
26 24 3078
14 11 813
30 32 4750
12 28 8473
29 25 7936
17 11 7455
18 15 3263
8 36 863
36 32 513
19 20 4648
20 10 848
35 25 1058
9 18 3084
23 11 4616
19 9 1343
28 4 7599
20 34 7238
6 10 1313
25 32 8103
18 20 8836
38 29 8666
1 11 2620
28 26 9703
12 37 9912
35 22 7184
11 23 5786
10 38 2767
30 39 557
34 18 7533
39 2 9307
2 35 9482
25 6 9492
28 18 6216
21 30 5522
2 27 223
16 36 6453
37 26 3938
4 12 52
36 26 5893
27 33 204
13 20 6290
23 17 8019
32 35 2298
5 21 7410
12 36 227
24 38 6446
15 40 3553
28 27 9218
9 19 4222
6 29 5365
12 15 1054
21 22 8519
33 36 5815
7 5 5182
27 35 83
35 15 8967
24 31 8105
36 28 1465
38 8 5143
36 13 49
9 23 7375
24 31 7300
11 37 6012
27 36 5622
21 28 5113
23 18 5007
39 16 317
27 9 6201
4 40 251
14 31 6734
25 3 809
18 26 710
22 35 1428
31 25 2960
22 1 1602
24 16 5573
1 23 6435
18 5 6899
8 7 3971
18 17 156
8 1 3545
12 37 6421
37 11 7141
18 31 5111
16 20 2878
40 5 6585
16 30 5632
11 2 1095
1 23 3845
6 33 4846
25 10 1730
22 14 1308
6 16 8511
30 35 7280
21 35 3297
39 20 6115
20 8 7552
11 24 3708
14 16 2413
10 22 4668
37 3 2256
38 21 8704
34 26 1044
17 22 8617
29 22 3044
12 8 7896
9 1 7460
25 2 3584
1 28 2262
34 23 3868
22 13 3246
6 38 1234
20 6 1528
27 17 3667
21 13 3778
1 19 7002
23 33 2204
3 21 6867
20 32 6211
31 25 6991
29 22 9864
29 25 9340
12 40 3238
17 13 3160
37 20 7433
9 15 807
6 2 3805
8 19 4114
12 21 6681
40 25 8173
29 7 902
14 19 4755
31 2 5281
23 40 1481
33 9 387
37 20 1660
18 16 7950
12 1 2781
38 39 3913
40 33 2544
11 7 7012
11 27 1637
38 31 9112
11 7 327
20 21 2419
39 40 5326
28 38 3054
35 19 8640
11 31 764
9 2 2004
4 16 2746
36 12 5289
35 27 8051
17 26 4461
20 32 8978
39 37 224
15 14 9778
15 8 7993
13 38 4852
31 23 9271
10 8 3730
1 5 102
30 3 6654
23 16 4026
24 25 2682
2 25 8692
5 22 6877
22 7 4416
18 26 900
31 12 8157
37 3 8934
30 19 6930
13 10 130
8 5 290
30 25 1143
7 39 1182
17 31 9220
8 20 54
33 39 6204
21 40 6106
18 25 4759
21 24 5179
39 35 6353
35 33 9080
31 4 14
21 17 4190
37 35 6219
6 35 8654
28 5 5169
38 5 5667
16 23 1318
18 14 2467
40 2 2662
28 10 6639
9 28 8781
5 30 7384
14 7 5362
33 30 1946
32 40 1196
36 39 1388
13 12 5390
22 25 7360
8 31 5237
9 8 8430
39 35 1675
6 12 2007
10 37 6449
7 8 7331
2 20 8983
4 35 7123
34 5 407
1 15 6722
29 30 1927
15 17 4844
31 33 1267
23 12 9610
26 9 1505
38 6 4684
32 17 1488
39 34 1917
26 21 1398
12 37 5104
18 26 6159
32 29 5071
34 4 1529
7 10 7948
9 10 8942
12 39 4082
28 33 6226
25 26 17
24 30 7704
37 34 851
38 13 9360
24 15 1487
32 37 443
6 19 4529
29 36 4226
38 17 232
10 17 6796
39 36 8786
32 18 8820
24 14 250
20 25 634
30 8 2340
37 25 2601
31 13 5996
5 40 20
38 5 933
35 13 3868
33 13 1108
16 36 6731
18 19 1458
11 30 4102
23 32 3245
10 31 7960
15 30 3136
39 4 2608
11 39 2698
3 23 4268
27 20 5996
8 32 9317
24 11 4809
14 36 7753
40 7 4676
33 8 2942
24 1 3240
9 13 659
23 10 7891
21 15 7405
21 19 3850
35 34 3653
5 36 4718
8 23 4374
15 6 6663
16 24 4277
16 5 624
39 6 2961
40 39 8118
29 39 9878
31 2 2694
17 26 9487
18 27 3290
27 4 3841
19 18 8859
26 29 255
12 3 5021
13 30 2356
16 30 7633
11 15 3712
8 20 1168
10 5 482
26 37 7555
15 4 8237
23 7 3954
6 24 7702
23 36 2488
8 11 6110
22 32 711
17 11 5979
5 13 3228
30 18 5153
28 19 8833
37 20 1302
30 18 3594
22 11 3498
18 28 18
7 39 8949
30 5 7127
16 18 2103
26 30 2254
10 33 5652
22 27 3935
26 1 233
24 9 1713
18 3 6318
7 30 3521
25 12 1902
19 12 944
11 21 7476
19 22 6204
2 4 1522
16 6 5805
11 18 2479
11 38 3885
21 22 9366
36 35 9004
26 22 2309
6 39 9412
14 24 7662
14 33 165
1 5 231
7 18 5875
23 11 8399
3 23 869
25 2 444
7 3 3068
10 13 7394
9 15 931
34 25 7430
30 20 8181
37 5 1369
25 6 3055
29 35 7901
9 28 4844
13 6 121
27 12 2281
1 40 3895
11 35 9672
17 28 4399
3 13 1301
1 14 7350
12 21 8689
2 10 9726
38 14 2754
28 15 5480
2 33 3340
22 31 3882
23 2 1642
37 32 6706
20 15 9895
25 3 8299
13 31 7106
25 8 6153
17 28 7307
33 1 8530
2 12 3886
10 30 5525
19 15 4165
12 23 3262
39 22 9785
25 8 3347
4 1 1673
26 2 750
5 20 5538
22 27 9483
34 30 2576
1 19 3748
34 9 4102
16 29 9302
34 15 1910
28 19 3517
40 10 8353
29 26 4333
22 26 85
27 21 3875
30 12 1427
1 24 5073
23 7 4639
33 16 1326
21 15 5043
30 12 1085
9 28 7343
23 34 2158
1 32 2452
31 34 8237
2 27 2525
19 37 7433
35 2 3403
4 22 4206
9 24 3765
8 34 5973
26 1 1421
13 20 2546
31 20 789
28 14 1700
36 27 9113
14 8 5834
24 40 4537
20 31 6610
6 31 4729
30 5 5745
22 26 4983
16 21 95
8 19 1672
7 39 6409
34 1 5497
29 26 2780
6 15 4820
5 24 6121
11 1 383
14 40 2824
30 34 1329
23 19 1153
3 20 8562
25 29 7032
38 7 6130
23 20 1507
12 30 2823
26 25 552
19 15 3431
33 34 977
38 7 6264
10 34 7043
23 13 1861
4 2 3797
6 22 7571
5 4 4788
34 4 8233
3 12 7828
30 18 1135
7 3 10
31 40 1739
1 2 5746
16 31 9651
3 4 2253
33 31 4915
9 13 2500
1 2 5446
16 23 4051
28 5 5053
1 6 5768
14 4 244
29 31 4128
28 34 877
1 22 7941
16 9 8998
6 28 561
20 12 3618
24 29 4849
40 22 3280
37 5 4999
32 19 5418
8 28 390
1 11 4071
9 39 5731
32 9 906
31 10 8067
33 38 9001
36 5 7926
1 13 842
28 7 5123
21 3 556
40 6 4085
12 19 4675
34 26 3936
32 20 3618
23 24 5646
4 6 89
16 4 8949
19 28 386
21 7 286
9 32 231
21 2 6038
33 27 9142
22 3 5758
14 23 8574
20 35 353
3 1 5732
14 22 1536
35 7 220
11 23 5872
13 26 8063
36 2 3277
35 7 8093
34 26 4421
27 5 1850
37 10 747
12 37 9875
29 20 132
14 37 1777
34 40 1473
8 16 469
10 8 958
13 36 2614
1 16 3515
23 17 1833
9 23 7059
13 34 8140
11 24 76
25 24 5411
23 3 597
23 32 4102
11 7 3541
37 39 3193
40 28 8300
28 5 49
31 9 9076
25 29 1191
27 37 8313
28 21 513
3 22 1467
17 32 775
24 17 5060
35 21 3719
39 27 9484
33 15 5999
29 22 5211
29 25 7062
19 28 5226
17 40 5239
15 40 2855
18 33 3749
13 14 6671
11 26 6005
17 21 6197
28 14 5648
3 27 2998
16 6 1342
39 3 8103
40 17 4464
12 20 4888
37 16 9228
20 10 1053
38 26 2857
10 33 6872
35 20 899
35 17 486
32 25 8087
40 10 4446
40 1 2467
31 25 5605
36 23 5047
36 19 84
8 16 3725
33 19 9220
33 35 8166
4 9 7027
27 25 4839
13 18 7385
35 12 5373
33 22 2204
29 34 4365
37 40 3900
7 26 5287
37 21 7797
32 40 6188
9 29 9324
28 15 7684
14 11 2730
25 40 3940
9 7 3167
17 28 3733
33 25 3142
8 38 5614
6 21 358
25 37 8938
26 7 6366
33 13 1623
39 2 3798
8 17 3659
13 18 2072
37 6 2148
15 19 3377
24 22 7966
30 1 8301
19 30 3885
20 31 9250
34 14 9399
36 18 8617
26 8 582
6 19 280
36 32 9816
10 17 9487
4 18 7748
34 37 1943
39 38 3748
7 31 9488
39 8 9726
12 17 9142
5 4 1748
30 27 5391
20 12 7524
39 11 2489
26 17 7228
17 28 2082
24 32 4209
14 26 8771
2 24 1915
6 11 3512
4 32 7056
8 24 5848
31 5 2277
7 9 5294
22 10 7280
13 33 4422
24 16 9089
2 37 7823
12 10 376
11 18 9666
25 27 3474
37 27 9038
28 16 9418
15 14 4369
13 27 8296
23 3 1668
14 8 4248
19 32 6317
28 40 9203
30 15 4537
5 4 8823
28 3 4307
13 20 2347
20 27 8037
8 4 630
24 9 286
27 21 288
16 35 2708
20 40 8446
17 22 9573
25 19 8211
38 7 4715
22 19 3352
4 2 2469
4 15 2402
38 6 7948
10 15 8465
8 10 910
11 25 8213
12 19 6986
13 32 1132
15 36 9982
31 40 9899
36 27 7885
19 2 3868
5 21 2335
35 23 1426
28 27 8437
1 7 4636
20 33 2939
4 33 8638
34 15 6625
12 33 1323
11 23 4333
23 38 436
2 8 3240
1 38 9697
26 35 8834
12 31 2858
6 27 8696
6 38 741
1 9 7729
10 18 7522
35 36 2005
36 8 9907
18 11 8479
23 20 9450
16 3 8417
36 29 3310
28 1 5970
24 2 3812
12 15 7630
31 26 1032
37 30 3279
4 18 3467
34 23 9319
38 12 8370
24 34 6775
3 39 6385
30 2 9998
37 33 8787
33 19 7525
25 39 6552
13 25 9413
8 3 8954
1 35 4997
29 14 5558
7 25 9132
19 36 979
21 40 5124
32 8 2471
28 18 3230
35 9 3019
13 21 9882
29 15 5554
8 14 9706
5 15 8276
22 3 3561
20 9 6907
23 26 7458
26 23 6344
8 15 1012
39 24 7611
16 38 1639
22 17 925
5 18 9039
16 22 9713
17 4 8016
29 3 1548
7 27 2904
40 31 7366
6 18 7662
29 31 704
7 4 6713
40 38 531
18 16 4271
17 6 8960
29 30 5083
22 27 4691
19 31 4644
10 23 4542
20 5 3179
30 18 9912
6 15 4532
29 22 7003
17 19 9565
6 28 1358
30 15 8334
13 21 5504
24 22 1906
39 18 1825
4 18 2079
7 13 6381
29 33 4873
36 30 992
21 38 2200
15 2 4207
4 2 9671
28 33 2750
15 20 2462
22 24 3971
33 8 4263
6 2 3452
3 38 9519
23 8 1165
22 11 7200
17 20 6439
33 11 6872
21 25 9447
15 8 9401
9 37 7218
21 28 1704
15 23 2777
21 27 8478
33 15 6516
27 11 4643
38 21 349
4 27 3617
11 32 9423
19 16 4519
20 35 4863
6 27 4272
40 24 3669
38 3 575
13 15 7750
5 37 6314
7 14 6203
37 8 8217
10 28 5542
2 23 1103
7 33 506
37 6 3705
1 11 369
24 35 6955
13 8 1769
20 14 3242
29 5 6560
38 16 5505
12 10 2252
9 36 9832
14 20 3733
14 26 3431
39 4 1019
13 21 5568
33 29 1997
25 1 5702
7 5 8498
3 22 5315
37 7 2088
40 35 1247
21 18 5500
26 9 3134
27 33 9705
18 26 2318
22 25 6158
30 13 3722
26 21 3387
15 5 4766
25 14 9524
8 20 9602
13 7 1193
7 24 7392
26 24 1326
10 11 1432
38 29 4700
34 27 1596
4 17 8391
18 33 8135
30 5 2114
23 35 116
32 9 3595
26 16 392
11 16 7138
4 34 8860
23 16 3542
12 37 1428
32 16 9042
1 30 5515
9 6 2492
31 23 9084
3 35 485
19 28 1710
19 20 1069
40 25 683
40 14 2213
34 19 6449
27 6 5124
11 15 5847
8 17 2692
27 24 1406
18 32 5731
5 1 5131
26 28 273
19 13 5186
37 12 7360
7 35 9333
37 38 3372
17 40 3315
4 21 4045
35 24 6206
18 16 7594
24 28 8274
30 39 2667
13 2 2734
12 24 7968
34 1 5883
33 3 2121
26 28 1916
25 39 1019
21 19 5775
24 10 8783
7 6 7318
2 3 4095
31 39 3902
4 10 6992
33 30 5813
26 11 3663
31 3 3596
31 23 661
26 24 5167
40 7 225
2 34 9168
29 33 7980
31 3 1350
14 6 9260
16 22 1178
19 5 4198
14 21 955
35 26 679
36 28 6259
2 19 5559
34 39 6065
35 4 8114
6 29 5923
33 40 1203
25 17 5805
9 17 9388
1 15 2739
5 21 9583
5 7 5885
24 19 3880
32 28 7442
2 14 2121
32 27 5044
34 35 6433
30 11 3995
23 8 2119
17 22 1509
33 36 1228
20 36 8696
37 6 4251
37 28 2768
16 32 4816
40 29 532
14 33 6796
14 11 2447
31 20 6982
18 7 4691
31 3 213
34 18 5535
1 26 5697
37 14 3826
21 18 7002
28 26 1743
15 33 2061
23 19 861
30 11 7087
19 6 7066
25 39 5512
1 18 2325
7 38 9799
20 11 4500
24 9 4402
29 3 526
8 20 1453
15 6 1397
21 40 3012
27 25 6169
23 8 9318
4 9 569
24 36 563
25 29 6597
18 34 1410
36 12 4307
33 29 514
13 10 2230
27 20 3557
15 28 1045
40 5 7241
28 5 1299
18 2 2344
16 14 7825
20 31 4888
23 19 193
36 7 4482
16 28 7099
29 10 5690
17 33 5022
35 2 9769
20 14 9294
12 19 8893
10 17 5311
28 19 4448
4 20 7955
8 6 1507
12 25 2224
26 29 3604
25 33 9950
1 12 6383
10 15 1207
19 22 7259
16 4 3918
40 36 6098
32 13 7783
3 26 6329
19 29 9645
7 33 6207
38 18 5296
29 32 5279
24 7 755
4 5 4161
10 20 4917
17 16 5480
40 10 937
5 10 5282
15 26 6302
27 33 2703
33 15 7522
23 22 7397
22 15 619
34 10 5946
34 8 9581
11 6 3095
6 32 7362
25 26 7932
17 39 786
3 13 3134
39 34 7320
9 37 9302
4 38 9335
18 11 3544
8 5 9165
24 13 3442
37 2 3436
37 27 6928
5 23 9129
2 30 4194
24 8 3491
21 12 4491
30 38 490
27 16 8198
37 32 4695
3 17 8446
18 38 882
16 37 6116
24 39 8061
37 6 3311
35 22 1223
38 17 7063
16 36 2558
20 11 4216
16 28 2776
40 38 5315
4 6 7347
40 7 8556
34 38 7975
14 29 7818
38 9 5443
33 19 6847
4 39 2468
32 21 1103
23 15 6781
14 10 8986
28 14 7976
31 38 9803
17 6 6931
24 21 1083
3 39 6104
40 28 4370
6 21 9820
36 9 6654
21 30 9910
32 36 9379
19 20 6840
27 23 9023
18 32 3303
15 40 6370
36 38 1169
27 14 4524
32 25 5878
38 2 4119
38 40 3526
2 17 4171
38 20 9051
23 2 7699
15 23 6471
30 26 6144
33 37 7978
39 38 8438
29 5 4462
15 4 587
20 31 1116
5 14 5666
8 12 232
25 3 1482
5 16 6104
5 38 8969
15 23 2688
8 38 9330
1 40 4130
31 27 5103
28 20 2276
3 5 1927
31 19 2471
37 23 7670
9 16 2953
12 16 1980
23 5 2141
17 28 5541
11 38 7107
21 13 2689
22 16 1065
33 31 9499
15 39 9992
1 32 2465
10 25 4839
5 8 3033
24 21 2482
38 26 6374
8 35 7094
16 37 7165
36 22 2071
15 27 4307
7 27 2021
40 21 9299
3 40 2425
19 22 7328
25 23 7312
30 38 2604
30 8 9725
39 7 5522
14 23 3385
5 14 4060
24 18 2269
36 29 6930
23 25 8136
18 35 5268
21 32 6653
16 8 3449
19 14 3521
23 26 6740
29 27 6206
29 34 4126
36 38 5817
7 24 3598
40 27 7941
19 30 6784
24 20 5574
24 19 4042
24 5 1994
13 11 6369
23 32 4042
35 14 5740
1 17 8304
6 37 7304
17 40 191
20 16 1944
15 25 1385
34 24 3477
36 38 384
35 27 1137
20 8 8725
4 21 6483
38 39 3132
14 19 2132
38 15 7711
11 32 7790
7 17 4634
28 37 5815
19 16 7751
35 24 5001
36 33 2811
19 20 8576
13 17 1517
4 36 286
29 15 8131
27 10 3015
12 16 9763
29 22 8580
21 18 6327
34 36 9786
31 1 5488
6 2 4242
35 19 9444
23 3 7524
9 24 5940
24 20 4213
27 35 2834
3 21 3973
38 24 1053
11 2 8740
19 23 5378
36 16 8680
29 2 8134
8 4 5617
15 11 4052
10 31 2128
35 34 4848
37 20 2463
33 13 2627
38 14 697
8 14 6718
7 36 9402
6 20 4716
10 33 8194
40 30 220
34 10 999
3 1 9247
13 6 3322
39 32 4041
15 12 1208
5 39 20
27 10 782
31 2 9777
16 8 7602
3 35 7475
35 36 3294
18 5 8637
32 15 3292
18 26 4718
12 4 7888
29 28 4847
39 34 1320
38 11 5051
9 18 2312
18 5 6665
6 23 1487
7 37 19
21 30 1998
21 3 1453
20 31 3875
26 15 6014
1 7 6448
20 23 7773
33 21 1190
19 35 7539
31 21 1671
2 28 5917
2 27 6290
18 25 6369
35 11 3168
22 37 634
17 18 8221
8 22 7680
9 28 7176
25 31 1788
36 37 1960
7 8 4197
28 24 3097
10 37 9819
9 27 3372
12 3 4792
4 20 5383
10 31 7011
19 39 9283
36 32 6870
21 11 392
23 10 2951
40 15 3376
18 6 670
31 10 9933
32 6 3903
13 8 4751
21 8 8230
31 40 1568
19 33 6349
15 17 3520
1 2 8989
23 34 1237
28 5 5850
21 31 6010
38 31 7398
10 19 9011
22 35 1060
32 34 1280
35 14 8714
35 5 8935
22 29 908
11 9 8710
35 5 342
3 25 3379
18 8 3825
24 30 1187
36 30 5586
38 31 1144
33 30 6681
31 7 9898
26 30 2255
11 27 5627
35 24 1636
34 11 2627
19 15 3072
21 12 8466
39 18 3280
20 35 3692
29 37 6057
24 8 8756
34 11 6677
11 19 2899
27 24 4724
5 8 3812
26 10 3695
33 20 7865
20 30 8728
2 35 9490
36 8 6444
25 36 1332
31 34 6214
24 23 6380
23 34 6272
28 27 4693
32 16 151
23 7 1880
15 37 4062
18 38 415
33 34 4704
18 36 8707
9 38 9049
4 18 6104
10 35 1874
12 39 9274
40 22 1454
26 34 7019
37 14 6707
11 15 207
23 1 5118
40 27 8229
36 25 5583
29 1 5284
17 8 1563
24 25 9726
34 9 270
32 15 9124
27 35 8015
35 33 4956
19 21 2403
26 37 4043
27 38 5242
27 16 52
2 12 3332
38 9 6294
31 5 7163
15 30 7647
25 36 1121
23 30 1558
39 40 3992
18 6 279
34 18 8385
39 26 7115
37 23 364
36 35 8692
6 19 5156
12 25 4963
30 19 4413
7 26 1590
7 37 6109
7 5 5155
28 4 6815
5 10 6110
6 1 3777
34 9 4065
33 26 7564
14 36 5249
23 12 3789
24 31 2418
4 35 8719
6 19 7603
4 3 6397
9 11 4097
3 23 9019
24 38 4335
27 28 2524
25 33 2415
19 29 5007
26 14 8844
22 2 4043
38 39 858
32 19 1543
28 17 522
6 31 2594
19 11 687
12 38 5169
39 26 2096
15 23 7401
24 26 2845
10 14 1683
13 38 38
9 1 5414
39 5 6303
39 15 3071
13 8 3890
35 5 580
14 19 9464
21 23 8100
20 31 5684
24 13 6199
30 6 797
31 12 1827
19 20 5392
7 28 7601
38 7 229
35 2 1446
27 20 2607
11 25 628
39 24 7007
35 22 7728
2 39 6181
38 8 742
39 38 6024
10 21 5124
3 39 5522
22 37 1909
37 26 6602
14 34 8615
32 23 3208
37 32 4991
8 35 8868
9 26 9573
15 33 575
1 16 4336
39 22 5020
31 8 5779
14 5 6379
16 8 8649
6 32 9446
15 1 7769
31 34 3305
17 35 9397
38 32 8659
26 29 9054
26 14 1469
3 7 4683
2 40 5464
19 3 9632
38 5 9100
37 11 7122
2 21 7156
20 26 2218
6 19 5368
18 2 359
25 18 5280
13 7 8707
20 18 1712
10 3 1408
21 25 7925
3 27 7128
31 26 8484
40 7 1934
11 37 2527
20 33 4537
13 26 3386
40 17 9156
14 8 8099
4 17 9236
7 26 9650
12 3 3497
12 31 9410
14 30 4996
40 38 2858
19 28 5711
32 30 3020
34 40 4150
20 3 338
8 12 8385
21 36 8676
11 17 6625
33 14 2426
4 22 1593
38 39 4414
1 27 3223
3 29 4888
39 8 3740
29 2 2122
34 27 1199
17 37 7515
26 2 6699
23 31 1322
33 10 3677
18 36 2689
11 29 5496
22 38 1346
25 33 1494
10 13 4941
36 1 5046
27 28 949
25 32 3089
31 7 2407
13 20 3838
7 13 9810
15 35 526
35 6 8532
19 12 6820
39 1 8354
20 37 3080
25 39 1350
18 19 7799
21 9 9651
14 9 2042
7 13 4881
20 39 4235
37 39 7441
27 13 788
15 37 1858
40 23 3752
22 7 216
28 13 1163
5 1 2928
26 4 1759
37 16 8332
20 39 8370
24 40 5391
37 21 4432
32 34 965
20 11 8171
17 32 6626
32 21 8927
5 27 8415
25 27 3860
10 18 5598
25 38 9355
14 5 5804
32 18 129
37 22 7829
37 25 7762
17 24 888
2 39 5096
3 29 8034
3 32 4290
38 34 2056
1 12 7424
8 2 2186
22 2 9809
12 28 6176
15 29 8903
38 7 9620
13 37 4333
31 9 7126
31 40 4118
29 25 2794
30 1 4281
33 32 2644
31 28 7915
23 2 3452
14 28 722
26 19 4960
10 3 5110
22 1 4330
33 5 4693
32 21 8908
6 38 5184
11 27 4319
1 34 8752
38 5 7902
26 3 5071
38 32 8124
17 33 602
13 5 1022
38 16 6250
32 38 5563
39 16 9283
36 33 5441
39 20 60
1 22 6078
27 12 5034
31 24 6808
1 3 7178
1 31 7116
33 26 387
9 27 3512
35 23 6164
23 6 3082
39 8 9733
34 32 9321
8 38 7997
3 10 3097
39 10 3428
7 12 6127
19 14 7834
12 1 2741
20 12 7155
5 4 2985
23 33 9772
26 20 3799
4 27 4823
4 27 5227
17 1 5742
11 10 6064
17 3 1372
36 25 5468
31 3 301
13 24 4021
40 7 5624
