100 6000
23 65 8527
3 22 284
68 90 8396
15 82 188
69 82 4087
34 45 2768
60 71 4829
31 64 312
46 77 3952
47 83 8335
5 70 7747
8 76 312
17 45 55
26 72 5914
2 42 8505
58 84 1274
23 31 2103
44 47 1836
36 57 4422
83 99 7097
24 27 5189
30 77 4144
24 40 1407
33 98 6172
60 75 4835
21 35 3689
7 25 7572
15 67 9319
76 85 4096
7 44 4714
75 90 9984
56 91 6663
55 57 8260
81 85 7758
10 37 3307
29 30 3991
3 87 2517
16 51 5263
9 10 2826
41 43 5903
9 39 791
79 90 7537
42 68 2748
37 59 3970
95 96 3062
31 37 6774
75 100 7645
16 44 1694
66 72 6908
30 50 9290
4 13 9172
68 81 1086
46 54 6816
73 88 2422
4 33 7175
27 48 6217
1 91 5203
43 47 4111
3 95 8211
44 87 4818
20 25 6931
60 97 4998
36 72 5079
5 18 2568
38 82 7674
1 35 5351
11 25 5001
20 67 966
58 80 2381
11 63 8973
87 94 5244
73 84 34
21 68 2240
18 94 7466
77 79 3298
46 94 5856
40 44 1550
25 29 7025
66 69 902
83 87 6158
2 63 2036
37 41 2367
32 43 3712
54 64 7335
55 79 5989
5 34 6395
63 90 8388
81 83 2018
51 79 2389
6 10 1484
47 71 1745
33 68 5586
6 27 2928
9 30 945
79 80 8579
22 25 7686
53 96 2258
40 75 5512
24 54 2627
32 34 6265
29 89 9039
61 64 4298
24 92 7269
31 96 8577
89 90 2458
10 16 6475
21 75 7223
55 93 7025
6 48 4016
86 92 4045
24 79 2134
34 98 1977
48 55 5852
52 91 1932
26 83 9002
8 59 3875
65 87 9875
92 99 9345
28 80 7575
2 46 6790
8 32 4504
12 27 7041
28 87 7804
21 55 1093
76 89 2391
78 95 669
3 42 2758
19 33 6671
28 47 2187
3 94 6449
17 23 8956
90 94 4191
64 87 7002
58 86 1864
21 97 8770
18 34 6555
5 16 5830
5 15 8676
63 93 5961
33 56 8759
83 84 3644
7 22 4360
34 68 8811
60 76 4544
53 77 343
59 73 1393
14 99 4082
17 19 1283
22 61 4796
46 56 9238
22 72 880
15 91 2903
2 50 1133
1 85 5630
16 68 4101
60 99 3357
68 100 5848
41 67 3576
11 86 1358
10 70 1188
47 69 6791
6 93 3378
65 67 4834
28 42 8201
4 46 8864
23 91 1445
2 61 7702
19 82 2609
1 13 9284
39 86 5189
1 7 9033
64 83 9344
86 98 1698
47 75 7044
92 98 3094
40 54 8403
18 20 6643
10 43 4381
40 61 2679
27 51 5895
68 95 686
18 66 1051
18 36 9134
16 94 4194
55 56 1012
56 95 1250
24 84 7500
63 79 3543
32 81 834
58 75 547
57 86 3884
12 79 8661
85 100 7940
30 49 6203
50 90 1335
58 70 9831
52 63 1902
22 85 4290
36 52 6703
39 79 3459
1 30 3364
18 88 1821
27 58 5110
85 87 1756
13 75 3057
48 60 6926
11 81 5223
42 63 1714
4 95 3969
5 46 7074
34 95 6602
76 79 9983
14 47 6634
83 90 9984
42 98 178
27 46 1338
28 36 3100
52 77 1518
44 62 8480
6 26 5366
4 64 5110
12 19 7150
9 31 2384
16 65 3522
62 90 7731
5 77 3979
48 76 7609
2 30 9768
18 33 7015
69 91 2942
34 65 6495
27 95 6048
7 68 3301
34 67 7997
1 44 7554
56 93 8125
82 96 7290
17 30 313
1 76 126
40 57 6253
15 89 5153
60 89 4798
1 41 7883
45 95 1578
37 62 4271
74 96 3781
37 85 3148
2 51 2013
62 68 3366
3 24 7666
30 59 2210
8 25 2760
13 80 8980
57 87 8104
55 61 2521
4 25 4890
38 89 6340
36 67 2771
81 90 888
57 74 2318
20 57 7641
64 76 2491
29 55 5875
15 31 9866
4 53 7944
39 91 2293
34 70 6731
4 79 7585
32 47 2045
48 87 9267
1 36 9738
43 71 8483
8 33 7715
5 84 2034
36 71 5561
77 100 2330
37 91 9918
20 84 4873
28 92 3116
30 36 1981
67 85 2466
26 82 4542
23 96 866
45 77 3279
15 70 7436
29 70 674
46 81 4648
48 95 9966
10 55 6486
28 33 9938
18 53 8630
15 96 935
51 78 7446
30 31 1639
40 98 3870
54 82 8015
79 83 4221
49 87 1365
53 58 3234
71 100 5033
19 87 8586
66 94 2861
73 78 1756
17 78 7413
24 47 1718
18 89 1341
40 94 7829
34 82 6429
13 88 9047
71 97 3773
39 55 5378
11 35 2760
75 99 4672
21 63 6146
9 19 6848
46 78 2552
70 83 3550
16 96 2348
3 49 2733
9 64 638
25 99 2186
40 84 4314
24 30 5297
3 70 1619
83 91 8171
29 31 8243
53 76 2046
35 95 8287
35 58 2675
29 98 1020
47 52 198
62 64 7909
10 46 7328
9 29 391
12 21 884
20 24 1202
22 97 7451
56 98 8896
1 90 7567
52 59 8291
20 70 5210
43 61 5681
18 95 9917
49 74 2878
70 77 2335
30 82 93
12 96 636
74 82 9830
31 94 9545
51 69 8694
25 69 3288
39 57 2410
8 72 3392
47 99 4953
18 46 42
1 98 6132
37 88 5179
19 85 3775
19 91 6661
26 50 2092
73 86 4076
41 46 684
6 11 985
15 33 8340
25 75 2304
21 61 3697
59 68 2049
35 83 2700
72 98 2210
18 99 1099
37 47 4663
74 88 4878
51 75 5575
17 96 8340
54 76 8190
19 65 1089
14 17 8033
26 58 7616
23 74 7397
78 85 9047
79 92 6798
14 97 3360
2 72 3048
60 81 3329
4 70 1352
18 80 3456
65 85 6704
3 59 7704
16 57 2981
25 90 3322
6 58 2048
3 53 3380
60 85 6198
18 25 3394
48 49 5961
50 98 5463
10 45 6698
3 85 9306
11 16 2725
8 64 6225
15 52 9050
62 70 1358
14 77 301
30 60 2300
5 14 6461
26 38 4184
71 85 7413
34 85 3151
48 85 5812
32 56 3563
61 86 3772
18 77 6685
26 31 9228
8 84 217
1 16 1295
26 86 6132
59 82 4321
6 17 6111
30 55 597
4 42 5328
30 54 4168
17 24 5589
8 43 1698
94 98 792
68 88 1506
76 77 1345
92 100 1254
27 86 9710
18 29 701
63 99 1827
50 69 5070
12 64 2930
29 60 2501
26 98 7769
11 50 1600
24 53 1358
44 84 7805
9 88 9259
4 51 2881
37 98 9513
36 56 1016
31 50 1933
88 92 3233
43 99 4981
89 97 5445
29 74 146
16 38 1995
35 69 2707
65 75 9708
1 92 2821
8 73 7255
33 52 5004
23 76 1557
33 81 3968
14 38 7177
23 72 7656
48 94 6079
67 68 4807
7 24 4466
12 50 7449
10 31 5803
38 80 556
45 87 3789
19 69 4367
28 51 2849
62 79 2043
9 78 1441
9 28 5395
31 51 3159
28 77 2157
63 70 2435
32 79 5310
81 94 1535
20 38 343
3 21 5187
44 82 2114
18 54 7671
27 73 8715
5 97 2732
14 27 3022
21 83 9609
2 24 7107
25 54 1367
7 64 8492
82 100 4971
12 33 4395
37 99 9207
13 16 4308
44 72 9615
25 81 3206
39 89 8955
26 45 6344
85 89 498
38 74 7333
32 89 3809
20 46 8919
72 78 8462
55 75 9509
11 61 784
91 100 1373
52 92 5226
3 20 2768
94 95 9675
33 58 2688
80 89 3335
14 96 4490
64 86 9267
8 34 7554
36 73 1747
16 86 6179
52 76 9172
42 46 660
78 90 8664
6 77 6105
43 95 5700
3 33 9023
75 89 3388
85 93 1957
33 76 3193
47 70 235
17 43 960
25 53 5115
17 36 5091
33 90 1066
19 34 7971
8 49 3149
31 84 8140
27 76 1979
34 42 254
4 65 3575
19 56 8668
47 94 938
16 30 327
39 62 1378
17 54 6281
80 95 8477
60 64 7073
40 58 5827
26 29 4257
34 53 7782
9 91 2665
26 64 4267
35 93 1665
63 76 8358
7 13 664
76 100 567
19 48 6640
33 48 54
58 93 470
93 97 6431
3 5 7090
9 53 5150
79 91 7043
49 83 7193
74 99 8999
77 90 976
2 57 3949
20 92 8149
11 98 3404
20 68 2555
66 100 431
63 67 3409
8 54 4359
11 69 3819
1 99 2862
29 42 5108
31 43 6477
93 95 8662
44 55 7021
4 52 1749
45 82 1485
72 97 9502
42 87 7960
21 45 6003
24 77 3108
33 78 2468
12 99 3019
18 35 396
1 21 4185
23 85 8657
41 93 7962
89 92 4601
58 67 2464
20 85 4701
38 69 3943
65 95 5246
1 45 3818
22 32 9050
92 95 4386
32 59 6093
9 85 4305
75 98 4343
58 61 7138
2 40 9650
20 44 5199
35 53 4432
38 40 6383
38 93 3622
1 48 4710
73 94 6234
37 57 1066
7 99 5406
17 94 6966
51 89 6426
43 79 5393
33 80 5883
54 89 6620
11 67 8493
4 5 2286
23 92 9114
2 10 7488
16 35 5519
91 92 1223
3 28 3475
22 23 37
15 45 1367
27 82 6894
70 85 8700
51 94 1834
5 67 6343
44 57 7776
42 100 4357
34 84 1309
67 81 9119
32 38 4279
83 93 7627
61 82 1077
22 30 9736
4 54 9130
17 98 9128
19 37 3509
71 80 5483
51 82 714
54 75 8031
54 84 9262
6 43 2489
50 95 804
43 72 8626
70 72 7867
40 99 19
22 34 8644
8 93 3854
8 19 4853
11 72 9410
70 91 303
46 79 8140
51 95 5214
7 83 4637
22 55 3670
8 20 592
3 19 24
44 45 3064
1 60 1767
8 44 3932
48 67 1886
65 90 7810
34 59 8302
68 77 7356
1 18 7640
18 73 5844
7 96 1886
26 81 9593
66 89 4554
34 91 2167
80 83 6619
55 99 8
39 94 2691
55 65 9708
53 97 8113
55 67 2570
8 27 1663
9 16 9780
41 56 1420
14 50 907
46 76 2663
37 87 3784
39 47 6720
42 89 7301
20 78 5950
14 82 3151
22 100 6736
47 77 3117
47 62 2372
7 84 8573
76 84 8697
88 97 4963
6 22 2661
21 26 4961
59 93 5878
42 96 324
56 60 7545
23 61 8020
27 81 4588
59 78 1066
46 66 7604
37 97 2271
5 35 7517
21 51 4264
16 62 8581
20 93 9251
70 74 1464
71 92 4129
52 74 1977
5 88 4129
21 22 6949
49 84 176
43 54 919
2 13 5714
22 93 8827
1 40 8814
32 96 3811
57 97 3629
36 40 7707
31 61 6545
6 81 8622
1 50 310
8 31 3444
16 98 5674
42 59 9410
40 51 8731
33 92 688
17 71 4853
89 95 9208
34 63 9608
61 83 788
18 30 2139
74 97 7108
46 50 9858
16 76 6834
25 49 9489
63 68 1878
29 56 366
80 90 3080
39 95 3335
33 43 857
24 50 3033
13 98 2864
23 43 9644
16 89 8773
13 97 351
64 94 6447
49 63 9687
67 87 591
15 32 7479
14 78 745
37 65 5838
17 44 1061
4 63 403
2 44 4505
48 79 8977
1 33 5989
29 95 6434
40 100 5564
18 47 9661
74 84 6981
53 67 8639
50 67 3189
59 94 7163
6 96 58
14 73 8146
23 100 6072
7 34 5841
35 57 3284
30 52 6988
41 88 3266
33 66 446
17 61 9502
48 70 5614
70 89 8268
8 23 6448
2 75 4529
57 93 7536
65 92 4094
71 87 3935
27 36 9551
25 88 9724
7 30 232
46 49 4033
25 52 5594
15 26 9059
48 50 5064
11 22 327
6 54 5405
78 94 3460
36 77 3561
37 42 4765
18 59 2048
15 55 5691
35 37 8113
41 74 7499
1 24 3670
40 49 2893
6 49 352
13 66 9240
34 56 4976
24 35 5598
70 73 7013
49 100 2724
38 92 2729
10 27 9070
71 78 2491
7 66 6875
47 51 4570
11 12 5190
30 89 4358
67 83 6872
26 48 9718
73 99 9005
21 95 2025
68 85 2253
57 88 2813
19 60 103
29 96 6385
26 65 5405
45 89 4283
24 89 8818
45 58 4745
2 20 8260
17 38 7064
7 78 1561
16 39 9958
44 88 9196
47 67 2168
39 49 84
45 53 9482
19 40 8152
4 38 9354
17 27 2900
65 76 2931
42 90 7658
11 89 4506
18 74 5289
38 98 2939
8 55 831
41 96 8897
7 97 4846
24 68 4520
28 48 5279
23 88 8194
5 9 2042
27 59 3275
14 51 7376
77 97 5854
2 28 975
34 79 8883
29 93 2435
4 59 3935
69 87 1740
2 23 3866
15 22 788
74 75 9374
1 52 4060
51 68 7812
19 90 1915
35 99 5535
64 85 9319
38 60 277
65 79 191
20 82 6897
23 66 8142
41 42 2170
40 42 9744
55 59 1345
86 89 4241
3 80 6173
77 99 6298
12 42 6662
15 36 7195
10 52 5475
25 57 631
27 41 5701
13 30 242
11 34 3680
3 81 7756
16 42 2540
39 92 8266
17 70 2127
45 88 8792
10 35 2680
11 76 4001
7 100 9292
13 32 8747
31 83 9938
65 81 1219
45 66 8845
47 58 4475
61 77 764
15 23 8277
29 92 850
20 91 6590
24 36 7238
20 52 9723
62 86 1643
87 98 9237
53 84 5517
70 84 5044
8 100 2368
17 47 5949
56 81 6169
19 22 2075
2 34 665
1 2 9087
50 79 6572
44 74 8631
19 46 1014
56 78 7502
72 89 4312
5 95 3257
11 96 2693
73 74 5470
88 100 9064
40 43 994
4 80 1937
43 64 5545
71 75 3331
46 88 9149
29 78 9375
84 85 8234
11 64 9535
14 60 8255
58 71 5249
74 87 7733
56 73 2553
38 84 9660
10 100 5270
87 88 8938
61 78 768
58 77 4899
16 19 5318
79 84 6072
57 94 3801
38 88 1871
15 97 3752
23 26 8278
32 49 4298
44 52 5847
53 92 3278
4 81 3273
41 61 690
20 54 8700
76 87 2917
2 27 8147
24 76 4173
51 54 2799
51 85 4007
20 77 4816
71 81 3283
6 32 7579
31 93 9339
32 55 3705
55 66 1607
64 90 5237
59 89 3282
40 74 6547
20 49 778
56 62 9121
46 63 1658
1 75 5263
38 55 1064
65 74 158
84 100 6893
84 87 5498
35 96 4023
5 23 3655
39 46 6481
79 99 1597
53 78 445
4 22 8610
72 87 6551
43 91 5340
50 91 5882
42 72 3107
59 99 7678
18 87 9512
33 38 9320
24 42 2040
12 95 3647
11 30 7198
47 80 7136
15 41 924
17 50 2289
65 96 1624
35 88 1429
14 62 3287
36 83 7301
37 68 1722
22 70 2393
58 66 2890
39 87 8568
54 97 3780
8 17 9525
4 96 6325
22 45 9190
78 89 3284
44 100 7059
51 60 3651
62 95 9747
28 97 6051
1 39 6807
1 73 8330
45 93 4994
54 92 8662
1 42 2175
13 93 3070
9 17 1009
26 54 2476
38 100 8360
78 88 6029
39 70 4761
28 70 3556
5 73 314
21 49 6146
53 90 928
11 26 9735
26 62 1529
39 96 84
10 41 9881
28 62 8952
33 77 1493
9 45 3830
33 71 768
35 41 3673
72 85 745
3 15 6983
31 99 2385
25 32 6566
10 53 141
85 99 626
91 94 6992
50 62 5658
20 79 2181
39 51 29
19 23 2992
75 92 744
36 49 1010
16 24 3260
36 43 6094
15 57 8033
59 83 4303
27 89 157
21 96 4869
65 68 2834
11 95 7395
5 53 9355
2 65 6042
49 71 4933
2 96 8051
60 93 2461
50 55 607
23 34 3085
7 92 1327
20 33 9494
47 61 3250
62 89 8813
27 57 6146
13 62 4869
38 66 269
36 88 1632
29 54 5188
3 6 2501
37 83 6342
5 26 192
75 95 58
8 82 2348
2 76 1934
11 97 9313
66 85 1907
13 72 8574
12 73 8661
97 98 6325
85 92 8235
22 63 41
2 66 8498
54 58 3128
73 100 7641
64 69 5816
6 39 3101
28 58 3267
41 97 6291
24 25 866
33 97 9287
67 89 8123
7 77 8758
14 71 1050
21 100 157
26 34 81
36 95 8625
57 90 6335
39 90 4715
21 31 2849
25 34 7737
24 26 1884
84 97 614
29 61 7510
46 84 2004
26 52 2007
11 33 3439
25 65 4643
7 56 4609
9 63 916
77 82 4661
9 72 1113
15 17 1468
11 75 7232
82 85 401
61 89 6149
3 63 2861
30 85 8873
30 61 5657
65 93 4401
32 95 5160
73 82 4899
28 45 3808
43 92 7216
85 94 4268
23 25 7746
82 93 2643
2 55 3045
1 80 229
18 28 6885
2 38 7819
8 28 3739
39 60 5868
79 85 3926
24 57 9631
66 68 3547
78 80 9813
42 83 413
14 22 1665
11 14 620
33 57 5870
13 63 2413
12 82 2591
16 72 8700
52 64 3396
29 48 116
3 50 4482
43 97 7226
87 95 4015
3 78 6557
40 82 880
26 89 1614
12 25 2723
16 83 6703
54 80 139
23 78 525
10 76 7487
16 22 7981
83 97 2082
88 99 2424
49 60 7696
3 74 102
10 42 4221
44 70 6972
5 74 3421
28 83 7397
19 38 7907
40 95 3393
6 40 2282
51 66 2592
5 56 998
12 32 1357
56 72 7128
8 74 3274
17 49 5635
22 42 6688
2 7 1489
83 85 4083
64 65 7188
36 63 9767
1 97 143
2 78 4981
11 66 5088
54 91 1803
26 67 5123
41 75 8647
8 21 8936
47 56 3970
11 62 1664
76 91 3772
78 79 7930
33 54 1019
4 57 304
3 39 3187
54 85 3248
5 65 7764
7 72 1243
10 86 1287
58 85 8032
59 63 1286
6 99 2902
41 99 1646
39 50 8363
6 86 3509
9 15 7904
81 99 2859
25 67 5056
81 86 4147
4 48 2372
25 33 3678
29 40 4121
72 94 7404
68 91 6044
29 59 8337
66 71 3754
24 90 5480
29 65 2122
53 63 5643
19 81 4471
8 77 1550
14 29 8127
44 98 1823
84 91 3261
18 48 782
33 64 2022
26 79 8028
4 99 2309
3 56 1557
55 100 4872
17 93 7132
7 82 7287
25 77 5083
2 49 8775
7 39 5368
23 64 4307
70 78 2886
71 72 7941
39 61 3072
60 73 1272
79 98 4838
38 99 1821
33 100 1525
85 97 31
6 24 1848
44 56 7991
42 57 6577
56 90 9358
34 66 3381
93 99 8166
33 39 7291
72 91 167
6 37 9811
12 62 8427
47 54 1382
10 75 5833
3 96 1745
2 56 434
78 84 129
8 69 2428
16 77 6333
64 71 8994
22 56 5622
93 96 6568
29 62 6256
73 97 623
14 39 9629
26 63 9596
3 35 3374
69 80 9529
33 62 6040
20 62 2777
70 95 6136
29 41 3692
1 19 471
65 70 3286
73 95 2892
39 42 6944
21 57 1124
45 99 140
3 13 7714
20 29 5784
31 97 6806
22 81 1994
52 68 5519
24 93 1125
17 37 5312
43 100 1487
69 99 8627
17 32 1203
15 76 7537
12 24 3781
38 58 4765
4 27 5305
78 99 5523
35 66 9314
2 47 9892
26 76 8315
61 92 9454
48 99 2007
57 63 3550
22 68 3034
76 97 1973
47 76 8292
15 65 4571
26 97 2064
4 72 5909
19 75 5872
49 76 5016
40 83 3014
67 95 9163
17 66 2419
84 92 6446
28 37 1120
8 38 9949
29 46 5070
38 45 4594
33 60 9469
53 54 6702
23 75 4143
17 74 9766
52 65 9146
61 76 2989
55 73 5695
68 98 7605
12 34 1263
44 60 5828
1 27 4726
6 57 4696
36 61 9806
27 63 7947
31 75 4004
70 79 69
38 72 4585
48 72 4693
56 82 8008
21 87 9213
6 69 6954
22 95 2383
34 86 7851
21 74 779
13 91 8858
52 98 4886
60 70 596
36 60 4554
37 51 5005
9 60 8240
32 71 4739
24 56 4430
84 90 5859
22 88 5648
13 20 7944
97 99 6040
53 82 8231
10 32 8373
77 92 5580
29 50 4756
73 81 2402
1 71 8073
43 44 3476
68 84 4060
23 30 6662
64 84 7364
31 88 6131
5 10 4277
25 45 7317
27 32 7176
50 80 3414
25 85 9358
6 79 5210
18 23 8053
1 31 3976
29 33 7431
49 86 2892
12 57 7173
27 99 3759
3 84 7238
70 81 817
60 62 4671
55 62 7819
8 90 8177
25 35 775
2 14 6934
47 74 4043
7 80 3017
13 18 506
34 93 3656
32 42 4458
46 53 4203
13 87 6803
35 47 7410
46 92 6460
31 46 8384
32 62 677
35 61 4649
28 81 9155
57 84 60
7 14 3520
45 76 6016
39 97 3007
63 85 2384
7 17 687
12 61 231
10 61 2615
25 38 4762
10 69 5004
67 97 8519
21 29 9075
53 73 7777
13 78 6618
9 54 3529
12 72 1348
30 44 2604
18 45 8312
74 94 4495
1 68 4888
14 30 955
29 91 7170
23 51 2424
32 98 2505
28 40 4154
15 54 8305
83 92 3678
22 67 8189
15 62 3827
10 57 648
69 96 3753
29 81 853
67 76 459
68 92 168
14 100 6955
46 100 8896
17 82 4817
7 21 6395
38 77 4308
12 66 1288
10 93 1717
9 98 842
13 54 574
53 59 2865
76 94 3069
91 96 8552
11 52 575
56 66 5983
78 91 7023
28 89 1719
10 47 348
45 72 3327
51 87 7116
10 73 3041
37 94 2947
75 96 3515
20 37 4289
57 61 7758
58 72 4798
73 98 6792
4 47 9094
73 77 5602
29 35 8853
2 100 9225
49 50 2129
12 98 2317
5 48 2746
28 44 3420
2 70 195
15 81 8956
63 81 4829
31 69 4522
29 47 1927
11 32 3061
30 76 7528
46 58 601
4 85 3624
16 34 6381
82 86 6257
28 66 460
21 64 969
45 96 7860
59 100 125
8 62 9039
43 68 3453
23 29 2085
6 95 6042
20 48 430
25 93 5583
20 21 696
14 52 7842
14 57 4013
93 94 6505
39 82 1569
54 60 6669
5 37 9279
37 44 1952
9 61 3105
16 23 7437
82 94 6993
59 85 8883
45 81 8611
43 78 9953
24 33 2606
53 72 1569
8 11 9006
30 81 3797
54 90 4763
34 41 4643
25 91 4551
42 66 175
17 99 2666
70 76 988
8 75 7214
6 55 8610
64 95 8714
50 63 5534
29 84 6350
13 38 1676
51 80 4275
30 100 6021
8 35 6272
7 63 7961
15 92 5212
42 43 3068
36 54 343
56 71 8608
27 35 1782
1 67 8278
21 60 4818
35 51 2083
34 48 8112
32 44 1652
26 59 287
16 56 2530
23 94 3908
93 98 5971
73 90 5173
5 83 1879
15 61 3591
52 96 9405
51 77 1127
7 9 8
78 93 9643
3 69 9382
1 95 4950
60 74 4202
64 97 2654
57 59 2542
22 62 7038
33 61 4507
18 51 5225
37 100 2739
12 13 7253
34 97 4997
19 76 9364
85 86 3870
73 79 721
81 91 9695
37 73 4511
7 90 9684
75 93 9969
19 41 6894
14 69 4425
43 66 6100
10 90 5922
1 70 6878
13 24 9339
81 87 4077
74 89 5065
63 77 2348
25 61 3404
4 23 9271
4 67 6717
29 39 8126
78 86 6509
31 100 999
38 63 3244
45 73 4454
18 90 1387
43 85 2814
5 29 8963
10 81 6197
38 96 7074
20 34 2025
14 37 5561
23 77 6868
15 60 5670
28 53 7616
2 11 1730
28 76 3035
58 92 5466
24 59 8361
51 93 2542
74 80 5692
13 94 2732
24 78 1300
16 78 3210
69 74 4150
49 75 5573
52 71 3983
17 81 3484
30 99 6005
57 83 4139
12 87 1361
41 49 6616
22 99 3902
18 32 7536
4 77 8769
43 81 4496
8 14 9462
3 65 7987
17 60 2766
45 98 558
37 46 4170
19 66 2764
7 11 8247
56 57 5658
4 11 5111
32 84 4802
7 75 2162
51 76 4936
71 73 881
12 59 9655
65 91 4583
49 68 1209
43 56 6989
49 72 7912
33 51 1012
11 53 2391
33 35 1434
21 41 7360
31 86 7400
4 14 2236
36 39 657
2 25 3812
20 71 8731
36 85 5274
44 94 6939
29 51 614
61 84 1378
51 58 9185
54 55 9546
62 93 4676
63 82 2430
44 99 9406
19 45 7324
27 33 3320
16 21 4924
47 88 7769
40 65 5949
24 63 3192
74 98 3444
25 40 1061
24 82 180
40 76 7845
23 24 7772
1 81 9329
58 74 1843
8 37 9534
62 87 2612
21 79 2859
47 97 505
1 15 1997
6 33 9657
36 59 6745
79 93 4338
22 94 5126
79 81 5733
39 52 5217
12 86 451
2 99 7245
30 70 59
27 85 6945
15 64 7569
28 49 1759
20 42 2062
57 70 6709
19 67 5849
8 47 8918
19 27 4729
42 55 3590
23 58 8151
35 62 9815
35 97 3157
47 68 4438
62 78 4882
32 66 3349
37 53 969
50 68 7271
27 62 460
9 77 9710
25 73 7091
63 72 2084
4 9 3364
10 65 1467
76 99 9698
25 36 7125
11 78 8694
12 91 9938
17 95 4798
27 79 2589
43 57 1272
45 71 8086
37 38 4124
25 87 5486
85 88 6620
82 90 9764
18 65 4461
15 42 1745
18 43 1411
46 93 3349
62 84 8413
2 60 576
13 33 5174
35 59 7264
59 62 3399
51 100 4094
69 72 9164
7 85 3095
37 45 6365
78 96 5627
52 85 6665
36 97 776
57 76 4594
72 95 6691
30 43 3483
14 44 2443
23 36 83
41 54 7102
69 92 2382
13 69 7112
7 42 5367
19 20 7152
44 49 4312
3 46 1873
5 63 7573
28 32 1672
64 79 1259
85 95 6226
24 67 6044
72 73 4019
38 48 5895
14 58 4022
3 14 346
65 78 8728
45 90 8551
3 92 2819
66 80 3096
55 88 1595
56 64 9746
64 68 8699
50 92 5306
37 95 3069
25 39 8970
7 40 2075
38 57 8881
7 95 7992
32 50 94
20 31 8605
8 60 3595
43 88 2949
76 93 890
22 76 1272
11 59 8176
1 38 8888
4 7 3635
14 63 7565
56 99 8021
27 44 7057
22 90 2878
38 67 3370
3 31 2379
53 87 43
53 55 9272
50 89 7497
26 84 9582
72 74 7198
82 89 4509
8 99 7376
4 26 3720
24 58 7663
10 40 2499
2 22 4320
20 61 606
1 56 1884
27 77 3966
31 62 3176
44 76 7328
26 78 4307
22 27 3901
5 43 8321
33 94 4491
65 88 6698
16 17 105
22 77 9586
1 25 968
24 32 4790
13 36 7995
37 66 5595
16 81 2237
23 87 199
22 44 3268
22 48 2572
32 76 8185
22 36 6552
20 27 5124
5 68 3950
15 83 3258
29 69 3218
39 44 1814
3 64 4374
51 86 4825
17 40 2167
12 78 3521
27 30 3271
34 55 1914
6 12 3513
12 46 791
30 34 1727
76 78 926
40 88 9715
39 74 1367
38 64 3575
65 100 7251
57 60 7389
48 92 7212
6 98 2837
9 84 1713
52 58 1002
1 5 8686
26 41 6619
47 95 5069
43 93 4347
30 39 5518
2 3 3288
5 27 727
15 74 8363
36 51 1724
5 49 1636
77 89 2126
41 52 4243
29 88 8387
40 68 7478
3 55 649
6 74 8598
51 98 378
10 87 9088
62 81 349
31 35 3012
11 43 4339
10 30 8991
5 13 9820
69 84 9769
42 51 2573
1 77 9966
41 72 4434
4 45 8749
86 90 6403
36 100 962
63 71 9849
68 96 3891
48 84 621
18 22 445
41 73 9444
59 70 6365
47 79 5260
21 73 8589
39 40 7493
48 65 8372
50 76 5424
24 49 4572
91 93 6089
31 41 274
38 61 1300
46 73 8432
29 36 9049
51 55 8522
6 8 5326
54 79 1243
6 94 7257
16 80 9053
24 37 7586
13 22 5386
34 76 2234
34 94 5781
43 67 4607
2 41 2247
13 37 3290
7 57 8123
60 92 2094
25 30 8585
67 84 6113
35 92 5763
26 66 8935
7 46 9425
43 74 4051
31 56 6732
63 94 1742
37 79 6237
10 88 8515
21 93 9699
43 58 656
2 29 7174
8 46 8668
19 79 463
21 52 6777
16 28 2596
69 95 1496
7 16 2661
35 70 9775
27 83 6039
19 96 6524
42 54 9459
26 88 1590
69 86 4942
75 76 5544
58 96 1606
36 99 316
58 81 8786
48 82 3609
44 85 935
48 81 6780
4 98 1801
47 55 3784
27 94 5752
18 86 1310
18 69 5062
45 69 122
74 92 617
15 94 4435
51 70 997
36 42 8512
64 77 8007
45 60 6539
13 41 6226
17 89 6999
1 64 7578
24 45 3585
5 19 17
31 36 3080
77 80 884
7 79 3211
12 83 5717
58 95 1191
16 37 4599
11 79 6557
80 87 844
8 67 6277
15 50 254
32 60 5093
17 29 6030
45 85 5408
43 69 7296
11 28 6574
9 21 8004
95 99 4223
44 50 4466
28 85 3504
14 55 8013
20 36 6969
18 64 196
25 28 4284
56 84 8936
60 77 286
23 98 3650
42 58 1346
1 66 4447
42 47 1834
9 58 2466
11 54 9645
15 28 2216
40 92 2503
38 52 1146
35 100 9811
1 83 8277
35 85 8985
12 90 601
36 64 1848
50 87 8819
62 91 4578
52 88 8347
62 94 3482
75 78 5117
86 88 174
61 97 5400
8 83 1204
83 94 1592
2 91 3478
81 98 7203
92 94 7038
60 65 8086
32 64 4128
20 41 3405
15 95 3529
7 47 2053
50 60 251
14 98 5057
71 84 357
49 51 319
22 35 8612
39 64 1736
76 96 2029
30 46 7545
19 39 3158
28 30 549
6 44 1831
30 62 9799
16 48 4644
47 72 601
34 49 439
38 62 9284
43 75 3135
50 65 1662
14 92 3643
21 78 9725
11 83 5157
27 52 2589
11 82 4014
23 80 6117
21 66 1213
19 57 2873
12 81 5975
3 76 2096
14 33 3678
31 57 9651
44 54 346
13 92 8107
9 96 5047
5 55 4279
30 98 4612
28 59 9327
40 81 9783
19 98 9004
65 86 1424
11 91 5828
82 83 980
64 88 887
1 59 9607
46 68 4442
53 95 3126
22 38 2422
18 42 3385
5 47 6272
63 98 396
57 100 9590
36 90 2887
27 40 9295
34 52 1219
75 94 5359
78 82 8571
26 96 4285
3 47 6244
19 74 4005
18 75 7997
1 53 7084
50 73 6852
1 37 9640
2 43 4206
19 63 8475
41 77 7252
18 39 2515
3 54 7694
41 59 7186
84 86 3553
34 35 1502
74 81 7672
30 47 1576
66 91 1059
16 82 5421
48 78 3698
10 48 1055
22 37 7472
37 74 1969
63 78 6432
37 60 2964
13 73 1816
9 37 9604
22 39 6608
62 71 274
82 99 1768
10 94 7216
20 73 5453
33 69 6878
56 69 5466
18 81 7815
9 97 9934
60 67 3706
43 62 4034
15 44 10
4 17 7126
32 36 1540
25 51 6272
58 69 4580
28 95 2340
14 34 2151
21 88 674
7 73 1149
40 55 7619
48 64 2918
26 51 7633
24 71 7642
16 95 1673
49 67 2102
25 59 9873
42 65 4298
41 98 3402
57 96 5091
56 88 7540
40 89 8329
60 79 4883
89 100 2727
25 82 438
47 63 7422
6 72 4386
18 82 9369
5 54 3856
69 71 8526
96 100 6699
38 71 698
21 84 3687
55 60 4233
15 93 4738
59 92 6984
18 100 8524
21 94 4443
81 97 4902
24 74 7165
15 66 1052
59 87 9018
25 48 3873
64 78 6062
43 48 3023
24 44 188
74 100 2396
6 89 3663
17 34 603
35 60 3616
22 73 1735
43 59 4139
72 92 5792
37 63 7074
42 88 339
72 79 6942
1 55 7867
2 82 3322
28 94 9786
21 37 5310
13 23 2150
12 38 5052
36 74 3427
54 74 1483
18 63 8964
3 4 1719
49 88 1826
26 100 5957
5 81 4040
14 35 4151
7 65 5347
50 71 8789
24 72 2669
9 23 3189
6 13 2660
29 53 7440
6 64 9773
2 4 8245
67 72 666
14 68 5433
80 99 9084
15 80 6677
42 64 8025
46 83 7533
63 83 5020
7 89 4162
3 45 287
49 96 1287
76 80 456
66 84 340
50 75 3079
5 76 1868
23 82 8091
80 88 991
62 98 2264
57 79 7567
9 36 5561
4 87 2098
20 32 6789
94 97 5372
37 82 7539
47 85 4906
17 59 2797
39 69 7198
20 95 2662
19 35 6430
43 76 1674
38 56 6027
18 72 1898
80 97 1682
32 82 7044
37 64 725
7 62 3893
27 55 455
31 98 3550
33 42 3993
6 90 5143
61 95 3671
30 58 5654
15 19 6674
20 60 6077
4 8 3051
89 99 6983
11 65 5365
65 98 8577
96 98 6951
39 56 40
8 98 4068
17 39 3862
3 98 4155
35 71 7180
38 50 3613
20 35 7358
4 31 1522
45 94 4450
63 69 650
41 78 2855
40 79 6196
92 97 980
44 97 4416
87 91 3639
53 85 3990
9 93 4634
17 31 2003
2 79 1685
3 48 7
35 77 1063
38 70 319
70 71 1842
3 27 1154
22 57 5449
15 38 9774
13 83 3898
44 66 721
63 86 155
42 76 5735
68 87 5190
25 68 8230
12 69 2740
33 46 5258
19 68 7867
63 65 9218
21 76 3095
25 46 4823
34 46 4377
3 68 2432
59 81 2195
44 77 2087
43 84 2079
25 47 2489
13 90 5506
50 54 5423
62 82 8388
65 97 6735
17 63 5692
70 75 9810
36 96 8270
44 86 8468
70 88 9076
26 46 5854
89 93 8877
50 61 2387
36 58 3368
66 73 9804
38 43 4558
9 81 5156
58 65 7010
44 89 2066
67 73 6522
16 61 9274
47 53 4428
62 66 9027
55 77 9655
26 35 3302
31 81 4854
11 51 5691
7 70 5236
64 99 756
12 31 5999
18 91 2534
2 92 9391
16 100 8922
71 77 2548
91 98 3336
40 69 6545
45 49 6174
11 77 1626
44 58 4916
60 72 3070
45 52 3664
7 27 4180
33 36 4631
4 68 2551
29 75 2298
68 70 6722
35 56 9596
28 90 8922
6 41 7317
53 71 4510
22 58 5992
2 5 6927
17 65 7076
26 32 7247
26 77 6877
95 100 459
50 51 504
26 57 5320
89 94 7593
25 42 8047
6 31 6621
22 64 9448
32 51 2166
27 61 1927
7 59 3802
45 92 5337
43 86 3738
6 52 4269
10 33 6643
9 79 1923
66 93 5095
79 86 9126
7 55 7033
10 99 1048
27 88 5370
37 52 466
33 49 8358
5 98 5368
75 83 6669
3 43 5934
10 64 1779
1 89 9837
18 55 9367
1 100 7763
44 81 3316
11 99 3566
9 11 5001
40 90 663
87 96 8536
81 92 2046
34 73 4449
4 58 6681
67 80 380
30 91 812
59 97 313
50 78 439
61 74 3512
22 33 7330
55 90 3687
27 72 4729
24 100 1630
39 75 760
41 55 2812
64 74 3093
7 87 3632
11 90 4576
12 85 3799
31 91 1692
47 59 7192
1 61 3850
39 85 6625
79 94 3690
20 64 6735
9 22 1648
67 88 6592
6 50 5079
21 28 3289
3 26 3833
69 76 6599
30 72 4266
32 70 5334
63 89 6200
6 97 403
16 53 7555
5 32 465
25 70 5372
10 36 4381
44 75 366
9 67 3587
55 92 5599
18 44 460
17 77 1317
63 66 2702
35 90 4857
36 47 4146
53 89 6317
49 61 6596
17 97 6668
27 42 333
75 91 9990
43 70 4576
48 80 1400
69 73 8678
6 29 3901
13 31 5065
64 100 9895
24 61 6755
25 37 4075
36 46 373
54 65 2112
48 98 5094
67 69 3349
80 85 5842
5 17 7029
54 87 7678
82 92 6237
6 87 4460
20 88 9703
14 89 5395
17 57 4157
31 34 7644
62 96 5295
16 66 4956
25 50 5505
62 99 580
53 69 5621
12 56 8795
99 100 2684
7 54 9286
54 78 9452
40 96 9005
29 64 2735
28 34 4365
24 28 4257
18 21 1197
84 99 6360
69 88 2193
50 74 6001
50 97 2560
32 48 6959
37 49 8166
14 79 1618
24 87 6456
54 59 9144
12 44 4155
49 81 2935
9 57 1043
6 28 1910
30 96 3564
19 64 1854
60 83 9067
76 83 20
11 94 3986
46 80 6260
24 60 613
17 28 6844
58 90 672
4 76 2542
4 28 69
38 90 771
88 98 7607
8 30 3135
35 49 7463
2 32 921
6 53 9569
79 96 3351
8 41 1701
58 79 11
56 92 2695
7 28 7151
17 41 9254
30 45 6162
2 98 7276
24 70 3648
5 50 2411
52 70 7571
31 44 4594
29 76 1468
22 80 1025
66 98 2911
34 40 7059
87 90 9026
8 97 8116
6 25 3171
24 34 8999
11 92 876
52 97 1097
8 56 9576
46 96 5394
52 55 9794
68 71 5969
4 6 2769
52 62 1076
74 90 1542
83 86 2506
20 75 4690
40 67 2346
77 81 8759
39 76 4719
27 53 4021
33 63 5834
53 91 7537
41 92 7846
23 38 3269
24 39 8537
22 87 8650
19 95 6159
69 77 1558
27 54 2950
40 66 8261
22 83 6234
34 71 5656
52 72 4446
90 91 8640
28 57 6559
10 72 3514
14 70 2681
20 56 1752
31 52 3685
48 69 1554
72 82 7385
76 86 8561
17 72 7038
45 54 3416
31 67 3904
29 83 2113
56 86 9016
2 88 7803
20 39 8473
8 26 7572
36 76 540
1 94 3496
80 94 7883
15 29 1575
13 27 6352
5 72 6872
11 41 5323
32 41 688
5 20 5590
3 37 8720
60 68 9705
39 65 2561
3 97 7820
78 100 1249
26 27 2240
34 77 5131
17 62 4348
33 85 104
9 18 9721
12 23 4039
1 72 2668
12 97 4253
44 46 7366
32 63 1325
43 63 2974
24 29 7670
4 71 3913
4 62 2511
7 26 1023
3 10 7635
18 26 733
40 97 2637
30 35 1993
40 60 4834
56 94 874
44 64 6224
76 88 1939
89 91 5786
9 25 5699
21 99 8513
52 56 7742
71 91 5826
1 51 5561
8 52 3842
13 57 7160
43 65 7801
69 85 1640
22 49 7617
83 89 2731
12 68 78
6 46 2886
64 96 7578
57 67 8093
91 97 7224
21 92 9673
48 63 2036
29 79 2623
79 87 8572
63 100 7008
61 73 7409
9 42 1712
35 81 5180
31 47 8743
66 96 9345
42 61 6601
55 80 6980
36 48 8310
20 51 7598
13 76 2000
27 64 6909
21 69 5809
29 68 7886
23 55 7736
48 61 7724
6 59 7159
71 98 3046
5 86 9246
88 89 4722
7 33 2997
36 62 8835
31 66 4427
17 90 8651
38 76 3026
84 96 4754
47 87 8087
26 40 5778
63 75 2258
46 70 9335
71 79 2914
12 88 8313
88 90 8245
40 91 631
14 76 2346
44 59 5044
10 24 3592
5 96 2241
13 51 4426
9 52 2493
46 52 3921
18 93 6494
57 92 5399
46 57 1823
84 98 5412
1 8 4791
11 15 9844
50 59 2877
52 80 2435
60 63 6878
41 83 1613
16 85 2890
90 93 4744
98 100 9601
24 62 3453
78 97 1265
22 41 6747
26 55 8172
59 60 4395
36 82 1164
67 98 3296
42 86 5478
55 58 9926
33 72 2703
52 99 6296
6 42 5153
19 73 7807
36 50 6524
61 100 9981
79 100 5021
46 48 221
65 94 3086
3 100 585
77 78 723
1 78 5688
53 65 9120
19 86 4494
68 97 3292
25 96 1953
30 38 4438
57 68 1868
9 55 121
49 66 7558
35 68 7873
56 70 8928
9 26 955
62 67 9761
45 79 1438
15 27 6594
41 82 2987
7 86 2376
29 67 5925
19 94 2436
49 70 1873
47 50 8893
76 81 5628
24 48 8984
23 57 2031
33 88 2125
40 73 1459
78 81 8377
30 57 9460
97 100 2354
2 68 4087
49 62 3726
59 75 8316
21 24 1107
16 43 7618
19 70 45
8 51 6604
37 39 5568
15 48 8103
9 68 4020
49 85 5641
35 98 1849
64 92 4393
29 72 2287
28 43 944
11 17 9063
29 44 771
6 35 6406
16 40 3501
8 70 6544
23 35 5151
64 66 9550
38 79 3543
5 62 7589
51 59 129
47 73 2214
61 69 2544
7 12 4020
41 48 842
10 95 6250
35 76 951
18 84 2809
36 45 9976
32 92 3458
13 79 9848
4 75 2439
6 60 4211
5 36 3745
54 67 488
20 45 1345
77 98 9792
3 72 3209
20 97 5452
87 97 9478
54 98 9712
16 69 4099
32 40 2305
13 29 686
67 70 5552
38 46 2569
23 93 7635
68 76 5025
11 93 2008
6 67 8126
10 19 8057
18 52 4015
39 88 3934
54 73 6578
81 93 517
21 81 3686
10 56 354
34 58 225
3 17 9574
60 69 1649
53 70 7777
70 94 2435
22 65 6120
52 78 9621
3 90 4948
9 76 5356
5 8 6464
61 91 3556
7 50 2433
52 66 763
58 97 6259
56 83 9052
59 72 1319
34 74 2797
43 82 6926
46 87 968
9 83 1220
52 54 617
26 91 7997
5 44 9564
83 98 9889
35 91 5267
53 57 8743
17 86 8714
12 20 7314
45 62 9676
76 82 7854
2 53 7073
31 85 3752
5 85 6078
27 98 7953
18 85 9163
1 34 273
10 38 9074
34 83 475
16 99 6205
74 77 3957
35 75 3788
72 93 8596
59 79 4553
75 82 3641
75 86 7164
21 40 7309
49 55 7261
52 75 4782
46 91 1501
16 90 4775
37 90 7539
62 65 224
4 55 4167
17 52 9739
5 6 5520
33 74 265
44 53 6158
12 93 5936
45 75 1384
58 60 9694
29 63 403
46 72 6682
30 92 8214
35 74 7343
13 89 7665
45 63 3399
53 93 3719
61 66 1721
16 91 7727
17 67 5411
37 77 430
23 28 54
2 64 2642
63 96 9027
38 95 1375
12 75 185
32 53 2042
28 68 7004
8 36 5479
33 59 9284
49 80 5874
10 23 4971
32 72 5039
8 9 772
17 56 5987
22 96 1628
62 92 7407
57 80 2690
12 94 6207
27 60 197
22 74 6407
26 69 4114
28 72 9128
27 71 2746
41 51 4757
66 70 7653
23 39 3529
16 31 6842
30 37 6228
28 86 2137
74 91 9578
21 39 7038
16 64 2009
4 16 134
2 71 2526
27 43 126
45 68 4679
31 79 6913
18 96 3110
31 49 7358
85 90 3162
6 56 2090
56 67 733
16 97 9179
81 96 1726
13 25 2544
2 54 3532
14 48 8193
1 28 3351
87 99 6938
6 47 3366
23 54 4630
67 99 5176
57 91 2766
95 97 907
39 54 4334
19 32 7966
14 80 4827
53 60 4759
16 32 2824
62 75 7828
14 32 4081
18 40 7282
11 80 621
26 33 7486
18 78 246
14 42 3199
31 92 2341
8 57 3201
53 62 7824
71 96 8304
82 95 9540
19 55 3384
91 95 6224
2 84 4510
60 88 4823
12 39 6078
54 95 2051
21 34 5731
86 87 9898
98 99 9561
67 79 5330
39 45 9202
82 97 1491
57 66 3770
40 46 1457
34 38 9948
74 78 4422
4 66 8256
18 62 2625
77 94 1595
70 90 3969
9 20 8805
32 52 3728
32 75 8184
3 57 9504
73 75 9341
40 41 54
35 36 4647
19 97 4200
12 40 4828
34 43 5000
35 55 7031
5 90 8333
51 57 8367
21 43 6182
25 62 4789
12 80 6334
8 42 9120
3 88 6207
61 72 2808
59 65 2966
11 24 2468
30 88 4874
40 59 5508
17 88 2188
28 31 7422
28 29 4076
17 79 8538
8 68 9602
58 59 9660
63 74 8423
22 78 4500
26 61 3127
24 86 6455
45 47 1943
15 58 3244
35 43 1718
70 97 278
40 52 7301
43 52 3860
10 98 4454
55 85 1065
19 99 5207
4 10 4460
39 66 6603
2 86 9488
9 46 1148
20 96 8305
51 97 2834
3 62 5491
12 92 7681
51 81 7531
6 70 1703
14 20 1050
23 63 9585
38 42 5548
86 94 6208
56 100 4981
25 71 9199
23 53 8118
5 94 81
84 89 9826
15 63 3212
18 68 5412
7 60 152
16 55 2764
4 34 2134
28 74 2573
24 65 7840
12 35 2152
71 93 4421
69 93 2518
61 93 4401
25 94 8104
72 96 3293
29 71 8303
28 93 1900
67 78 667
55 97 529
54 93 8804
30 74 7057
7 53 4521
69 94 8300
20 89 747
7 48 4027
40 56 3433
50 99 9240
55 70 3882
41 95 2192
20 50 2300
39 98 3482
10 71 8208
30 63 756
66 75 5554
35 40 1601
34 39 2025
1 57 661
47 49 8866
61 80 3468
32 69 8829
30 78 3134
4 82 3828
63 64 7460
68 86 5919
22 75 22
42 70 4681
29 80 7724
9 87 960
61 90 9857
33 45 6047
16 67 9670
81 84 5787
7 98 5356
43 77 9152
12 77 6895
43 90 3529
15 18 7010
38 59 5826
33 37 1695
88 95 2077
28 78 7932
59 71 2070
21 89 8268
5 71 3015
25 31 7995
57 98 1723
40 50 2886
13 14 3508
68 72 1742
12 84 3978
2 62 6587
3 18 4890
71 94 944
38 81 9930
8 15 546
43 46 7437
37 67 4312
62 80 3148
52 69 1650
16 29 7374
58 98 793
10 21 6781
44 83 4139
17 64 5769
55 81 7698
29 52 4873
62 100 6985
49 93 9493
6 91 5806
47 96 4660
37 84 2886
11 58 5318
64 70 3763
42 99 2913
22 79 1910
16 73 365
27 47 3925
56 80 7902
57 71 8907
3 79 4788
46 97 1778
6 45 6468
24 43 6817
81 82 1716
5 99 4837
79 82 7625
13 77 2497
26 70 5137
3 66 1557
44 51 6080
35 84 6304
61 68 2715
38 78 7574
66 83 9781
18 61 4191
60 91 5485
4 50 3205
8 24 1860
8 22 1243
65 82 1407
3 12 5789
23 68 8913
69 78 3436
37 40 9013
6 38 4711
21 42 3679
11 20 8520
21 58 624
61 87 4291
69 83 6203
5 24 6191
64 75 4410
10 62 5090
1 79 8320
90 98 4175
41 44 8349
53 56 9854
42 74 7699
24 94 207
9 32 699
25 60 7519
48 90 3062
50 72 6534
17 21 4693
27 74 2214
45 100 8967
30 84 2627
14 65 9750
48 59 4611
14 45 4976
1 86 420
40 62 1190
39 43 3808
84 93 6711
88 94 2050
13 70 1114
23 86 4950
3 41 6829
7 32 9218
39 100 4385
6 78 2917
3 11 7889
35 94 9347
65 83 7927
45 61 1758
57 81 5133
8 18 148
23 46 8515
68 82 6795
72 88 5622
42 84 4189
69 90 3882
47 78 8180
13 100 3901
14 67 803
13 56 4636
5 69 1418
21 38 7410
5 41 327
66 99 6997
3 36 2733
58 76 558
13 47 4422
11 31 8843
4 92 2471
58 100 4263
55 82 6584
3 86 8724
11 13 5664
9 69 8446
10 51 883
10 39 319
48 71 7243
16 74 4450
17 46 2135
86 93 2184
33 79 5478
68 69 1660
52 90 7522
2 80 5095
15 20 9004
86 91 4946
11 23 9643
5 92 3600
49 94 7604
43 45 951
5 58 7801
56 75 4098
37 76 8897
42 52 8408
21 62 8395
34 37 4809
15 72 8610
4 90 702
32 83 1231
6 9 9054
53 64 2466
18 37 8000
44 90 2974
5 57 2564
13 99 3799
55 72 8224
8 12 6332
44 69 716
39 59 3860
35 64 3308
56 96 1931
80 93 9968
10 78 2489
66 92 733
41 79 6087
8 66 7977
21 44 8976
35 42 2841
9 66 4313
59 96 2379
16 33 3473
38 49 1250
10 74 2150
48 83 2709
40 77 8589
8 63 6727
19 92 1550
32 88 8852
41 58 4755
66 90 48
2 8 9056
20 99 9055
19 93 2560
5 100 6900
33 73 7379
44 65 6970
58 63 4377
16 26 9476
18 71 5213
4 74 7014
40 93 8514
24 52 8720
57 72 9726
49 64 5357
28 79 9257
75 85 4335
36 78 323
68 75 2808
31 76 2825
25 97 5625
22 91 630
17 83 7435
2 31 2617
36 68 5455
4 39 5306
44 68 7110
19 47 2508
34 44 2895
35 65 7058
21 36 9476
23 37 513
4 18 3459
43 83 7577
21 71 5229
22 47 1746
4 40 3553
19 36 8504
13 71 966
70 92 4967
10 28 4666
2 77 8646
45 80 9806
33 53 9491
15 71 877
6 21 5665
6 65 9440
11 45 4788
70 99 3604
3 60 2792
14 91 2246
42 44 5813
15 53 3235
35 38 9107
10 18 2994
30 53 5485
24 64 2302
33 44 5735
21 25 773
19 88 1823
12 63 4450
15 100 6869
11 87 5114
71 95 5625
56 79 1736
71 74 7769
31 70 8650
6 92 488
77 95 776
24 85 8669
5 59 583
54 56 8897
8 92 4338
10 12 2438
22 31 6691
18 56 5303
16 84 1269
41 68 3508
34 96 7993
7 35 2778
55 96 2218
19 51 5204
41 60 9169
34 75 1284
13 61 4759
66 88 4944
6 75 3502
22 46 1676
19 59 4142
67 90 5515
1 65 8641
8 88 5781
1 63 3614
21 23 2087
69 89 7814
83 95 1134
28 39 8047
29 45 7617
82 84 2931
34 99 545
21 59 2856
41 81 9346
6 82 7614
8 91 6502
78 87 9259
23 33 1550
18 50 1031
30 75 7008
20 55 2854
51 52 631
13 46 408
63 92 9469
2 94 4081
55 74 2888
9 75 9002
71 82 1736
32 35 1828
29 90 5884
14 46 1488
11 74 3336
34 69 3553
29 34 1415
37 81 4811
26 42 2784
28 35 7300
27 75 826
28 84 4311
27 45 6158
37 70 1496
12 14 4257
40 86 843
28 82 6223
3 77 5379
61 88 1158
9 71 859
11 100 2808
24 83 7206
14 74 3486
62 85 4264
60 90 348
37 56 8816
33 50 2489
41 45 4156
62 97 1323
10 67 1179
27 67 324
48 57 1856
39 41 4351
17 85 6300
46 82 4361
2 12 8632
42 71 2831
9 33 1189
35 39 3819
14 28 8067
9 80 382
4 86 3892
2 74 2492
29 77 3886
48 56 2362
59 90 5874
73 92 3977
23 67 4305
29 87 5440
32 93 5399
42 92 7275
25 89 3806
15 84 1989
22 71 6179
42 94 4902
14 88 375
74 76 9148
6 76 421
59 61 4763
65 66 6934
3 9 2885
90 100 3574
35 79 4536
23 49 5924
30 41 7786
28 91 2573
1 23 885
16 18 4693
4 88 610
54 72 4714
80 100 5654
28 55 9737
18 19 9744
14 15 1997
15 25 7966
38 87 4971
46 98 7170
60 78 4127
42 85 1144
62 83 3316
17 84 4197
30 56 5733
44 96 6622
11 38 9094
48 91 5230
80 82 1186
22 86 2677
24 75 9107
5 82 848
85 91 3619
3 52 1213
43 50 7910
37 48 6779
10 96 1555
40 48 2771
79 88 8550
6 20 6456
42 75 5271
28 99 5120
14 24 8585
5 93 5200
42 69 8626
35 72 4538
68 73 5837
64 73 4581
50 84 9376
72 100 2816
92 96 686
55 69 5014
56 85 7276
47 90 9280
23 60 7029
22 51 4253
49 73 669
59 88 9602
22 84 6372
5 61 5010
21 47 7458
9 82 5164
44 95 2749
14 25 7575
10 15 1371
33 82 3679
43 80 2011
40 64 5852
9 38 7954
50 94 358
40 70 5158
28 52 2859
66 82 492
15 43 348
23 79 8370
11 19 5355
3 99 8891
24 41 2773
9 51 5998
20 59 4367
52 95 6333
28 50 1761
57 89 2230
47 82 5013
50 57 1036
6 73 1055
90 99 8211
47 64 9913
21 70 5790
16 87 6838
41 90 1048
45 70 9746
42 56 3844
11 39 939
35 45 7206
25 83 4003
35 78 2397
9 95 3152
7 10 7783
7 61 9961
5 28 4755
61 85 6241
22 53 1396
9 50 7569
15 49 5626
2 89 4535
64 81 192
30 90 2369
12 76 630
30 67 4135
34 54 2397
26 71 44
53 74 7860
55 84 2066
23 42 3349
71 88 9904
48 74 3662
42 73 7221
48 62 8784
46 75 3562
18 58 3689
2 83 7033
57 64 1074
58 82 3614
33 84 7272
16 63 2194
17 48 7531
30 48 5026
33 47 2425
77 83 5313
52 83 776
40 78 9186
38 97 7557
11 60 8516
12 60 9919
7 88 1387
49 92 5074
18 27 7122
48 75 3813
23 89 1155
21 67 3651
15 46 3698
26 60 2969
2 85 3853
7 45 1492
73 83 1219
48 51 3544
45 59 503
46 67 8097
23 50 2148
19 72 8746
10 68 2269
66 81 574
59 95 3580
5 22 9089
14 56 8870
25 92 3822
17 76 3664
10 11 7935
59 86 2548
49 90 7406
53 98 2850
57 99 2303
19 49 1687
35 54 1113
80 84 8894
19 53 3608
13 34 3193
10 20 2388
38 53 3309
30 42 9215
19 77 6848
1 96 305
73 93 8004
25 64 2660
13 44 9505
55 95 527
17 35 4788
55 89 4866
54 66 7850
90 92 5366
42 45 4890
24 46 7250
12 74 6725
66 78 2877
54 83 2414
15 98 278
13 86 6922
1 32 8725
86 97 5846
51 99 704
60 100 3163
19 43 5837
21 54 4210
28 71 6219
9 47 4775
49 97 8255
26 49 7168
13 84 7887
20 47 4410
16 50 272
72 86 1912
19 78 3391
42 62 7130
7 20 2097
56 61 3822
8 50 1100
57 65 938
37 71 5266
41 63 6421
12 45 8514
62 74 5528
56 89 108
15 35 2584
79 95 7063
33 67 1232
7 41 4037
11 73 8625
2 17 8977
26 47 7257
20 65 9758
55 83 1780
11 40 7279
70 86 2613
48 88 5366
75 97 4851
3 75 1069
28 96 3844
36 87 6502
4 56 7818
38 73 7331
3 61 2223
25 98 5045
41 70 4290
63 91 8021
18 49 8831
6 16 5219
6 19 6000
1 87 1538
16 75 4630
49 95 704
13 17 9989
18 92 4839
23 59 5202
7 52 2725
43 96 5982
14 41 107
55 64 9247
22 28 3255
56 58 915
13 81 4210
53 94 8516
2 18 4921
67 77 2586
21 53 7180
1 20 259
38 47 2793
11 68 4915
46 85 7942
39 80 7900
13 19 5920
9 65 8939
47 81 1206
49 54 824
38 44 1108
90 96 2028
62 63 2864
52 73 1328
63 73 8407
43 94 8537
26 90 838
25 58 7286
23 81 4376
8 85 6373
8 10 1202
21 77 9832
26 53 4015
55 78 4987
4 24 6380
49 78 2306
13 15 1203
19 58 8213
69 100 2008
20 98 2955
37 86 9222
57 73 9607
78 83 4615
84 94 8005
30 69 8533
77 96 2627
5 31 2611
22 54 6175
8 65 1259
35 67 6709
65 80 5782
80 98 4629
32 57 7549
4 93 3718
59 67 6834
13 39 5293
57 58 9549
64 93 3515
2 95 9479
34 61 8153
46 62 4041
28 63 1141
25 76 722
16 71 8314
14 19 1611
7 71 7584
6 66 5035
44 61 1097
11 55 4313
23 62 918
48 93 4164
16 36 1981
33 65 3428
70 82 2268
11 70 1871
10 82 7978
29 94 1083
17 53 6434
19 84 8935
52 100 4911
12 37 887
11 85 6454
7 81 7555
69 70 597
16 93 7071
2 19 3711
81 88 3529
64 72 2869
55 63 5684
48 68 3236
86 100 7095
51 72 1168
4 32 5540
3 30 4548
3 34 137
34 90 5303
9 59 153
41 71 1981
2 35 3303
32 77 9923
2 16 6024
25 74 9656
80 81 5014
30 97 5084
3 29 852
26 94 3609
10 79 389
15 69 388
41 87 3627
11 42 6258
39 67 5456
61 99 570
79 97 6790
2 52 8191
41 47 1103
32 58 377
10 89 4923
10 54 3368
35 63 8021
65 71 889
52 86 6397
42 79 7012
7 29 1395
1 6 7276
68 83 8328
10 91 3859
62 73 3189
3 89 8000
52 84 3432
61 71 3394
47 100 4178
39 99 6705
27 37 1
25 79 3129
33 99 2510
59 91 5366
80 96 3958
42 95 5822
61 67 9689
15 51 3521
12 26 2964
36 92 2241
48 66 3263
33 70 2161
12 22 4566
16 20 3407
8 13 4616
4 84 3697
51 62 2113
1 54 8738
46 90 6680
5 51 9801
58 94 1496
55 86 3309
22 66 4782
12 54 8714
4 15 5479
32 37 5490
1 58 3847
19 25 2757
43 98 4393
10 34 7262
19 80 6586
40 85 8515
30 65 3524
24 96 3658
20 81 9291
20 94 6155
82 91 7754
42 49 9178
1 69 9515
66 76 1425
76 98 2904
11 46 3680
25 55 3668
45 55 7844
6 15 3432
52 82 4887
43 60 975
26 85 3901
94 100 6657
40 45 9482
77 84 7344
22 69 3669
48 73 3332
34 50 813
64 82 2199
27 84 4733
8 29 4751
26 99 6081
47 60 9695
41 65 5077
19 21 8524
56 65 1570
9 92 5216
48 86 6040
9 27 881
64 67 3787
32 97 542
60 98 7789
22 43 3007
65 84 3102
25 41 6618
18 41 5158
53 75 4085
17 20 7950
7 69 527
68 80 4930
6 14 1756
11 71 2423
57 62 5604
36 37 4557
16 88 5723
42 81 8883
39 73 3614
18 97 5708
38 91 8946
7 19 9685
36 94 4349
63 88 8195
26 28 1985
65 99 3743
34 88 1932
15 68 8546
4 83 1537
67 92 3454
10 92 2836
23 97 3586
33 89 7655
27 31 3067
46 74 599
7 58 5290
44 63 8566
8 58 634
31 55 2439
22 82 9390
35 46 8620
8 96 509
33 75 6847
58 89 8812
28 38 7058
10 59 4959
39 72 3079
33 40 704
49 98 6702
27 87 3835
29 58 1634
18 57 7215
4 21 8994
20 100 5845
9 74 7873
2 69 2190
39 71 6637
50 66 2350
60 94 9839
39 53 5898
20 80 7223
51 73 3666
32 45 1365
2 93 9071
30 40 903
24 66 5739
41 89 8486
4 37 7299
17 68 287
4 43 9502
7 23 2034
90 97 9018
35 50 7772
3 23 1499
57 77 3717
4 69 9570
73 85 3865
51 92 6127
10 50 7127
22 29 3143
16 46 8459
2 33 5923
40 47 1163
72 83 4174
19 100 2212
21 32 2220
57 69 5171
53 81 6811
35 52 1778
45 56 2780
59 66 2920
56 77 3486
7 94 8527
36 53 3182
71 90 5268
66 67 4031
2 67 3441
61 94 4123
2 97 1306
43 49 6072
13 59 858
61 70 9977
66 86 4075
63 87 5946
26 37 1959
77 86 4681
41 50 2449
54 70 5364
3 93 8002
9 35 6566
9 34 5093
34 36 753
13 50 82
34 87 3739
67 93 6651
16 45 5113
3 32 2024
5 42 7500
19 62 2258
15 34 6845
15 85 9633
44 71 1673
19 42 2151
44 79 1277
31 78 937
89 98 8913
30 73 4769
67 74 228
10 26 5093
30 68 9691
33 55 4244
80 86 3016
76 90 3366
27 70 5948
12 53 849
52 67 7837
17 58 5211
30 66 7430
25 84 2434
1 43 7969
11 47 6765
43 87 2677
18 31 2401
1 4 4960
9 94 8738
67 71 6099
1 47 624
18 83 8783
6 63 4397
10 80 1843
67 100 3231
3 8 6226
13 52 1578
13 40 2679
9 86 5339
6 84 8393
17 18 165
31 65 4604
21 82 1564
62 69 892
19 29 4834
40 80 3066
14 21 1636
54 57 7621
13 68 7732
5 64 5991
71 76 9333
49 77 3829
10 49 5177
11 29 739
30 95 5610
4 19 2779
65 69 7673
13 58 2332
54 62 9162
25 63 7410
9 48 749
72 84 9898
58 68 9226
47 93 945
48 54 9988
31 42 5633
12 58 1338
42 91 6972
11 84 1533
21 56 8596
45 57 6229
61 81 7568
12 89 2
50 81 9934
36 66 3108
61 62 9480
10 84 1865
20 22 2953
30 87 2506
31 80 2989
42 97 884
50 52 2298
51 63 9047
8 86 8815
25 100 8656
3 71 289
66 74 9671
5 11 9872
75 79 792
44 73 4699
27 93 9105
15 59 8904
20 86 6049
61 98 6721
68 74 3291
39 48 3119
37 43 3069
24 91 8408
23 90 3443
1 88 9176
25 95 3642
38 39 6913
49 79 3253
32 65 9618
30 86 3393
8 53 345
13 74 3866
72 76 7528
56 63 6858
62 88 7208
16 41 3957
23 32 2448
27 39 3366
12 47 676
29 49 8662
2 37 238
73 87 529
34 80 8765
19 24 4858
19 44 7408
94 96 6408
39 93 417
51 56 4039
11 27 7250
1 46 3726
8 16 5160
51 83 657
28 88 3833
1 11 1527
30 83 6710
14 87 5561
20 40 8697
13 48 9056
20 69 7662
20 72 9531
8 95 49
26 80 5826
39 68 9355
36 55 4062
40 87 1260
34 92 6245
72 77 7303
15 56 1174
47 92 6336
42 80 409
12 65 5014
16 92 6004
42 82 4689
61 79 365
67 91 3546
83 96 5026
2 73 7165
19 30 1818
4 94 351
39 84 9385
18 60 4943
29 82 950
5 33 4030
31 68 4925
9 89 766
3 73 6867
11 49 2844
20 43 6254
22 98 8397
61 65 4688
46 51 26
2 45 6263
17 69 3515
6 51 7477
59 84 4101
85 96 5392
5 21 4979
49 69 3465
36 81 2789
33 34 4029
37 50 9675
76 95 862
12 48 8352
27 91 6975
6 100 2375
1 82 273
77 87 6694
36 91 8720
23 44 69
12 52 77
39 63 8981
45 78 794
44 92 3632
19 71 8503
65 72 228
5 91 2239
54 88 6287
12 43 4209
23 48 586
10 29 8768
41 66 293
14 83 4457
51 88 6806
46 61 7192
5 45 6145
49 59 3209
10 25 5335
3 7 5311
54 61 6606
69 81 7719
17 55 3443
17 87 474
50 96 5570
59 80 6117
66 95 8418
5 12 2168
11 88 2657
19 61 7056
20 26 7282
19 89 2564
13 82 665
82 87 5714
61 63 3330
20 74 6456
58 73 3045
21 86 1858
15 75 4266
17 33 2358
37 96 5308
27 65 8897
10 13 5008
31 45 5503
56 97 17
41 85 6973
27 28 5490
8 61 1823
8 45 5363
14 18 9360
26 36 2960
23 70 8284
48 96 7677
12 29 9679
3 67 1585
9 62 3148
22 60 7349
86 99 2253
28 46 9947
59 64 4718
77 88 2975
50 85 5592
70 80 9070
37 69 1262
31 58 7113
25 86 4553
60 66 5112
4 97 8180
36 41 2062
8 48 9031
64 89 6880
9 100 5268
50 86 7429
29 38 7746
61 75 2653
58 64 2477
54 86 3425
24 97 4458
14 66 1646
60 87 7739
15 78 5601
70 100 8024
45 86 497
19 54 8999
1 17 8879
58 87 5777
45 48 4223
50 93 2772
1 26 5348
16 52 40
30 80 7900
17 91 2451
5 89 4384
30 94 5450
16 47 4970
1 84 5278
45 83 6724
66 79 8354
46 86 5189
2 15 2462
83 88 3178
4 100 8261
23 45 278
34 51 2423
46 71 329
38 41 2262
5 30 5826
23 95 2712
64 91 7844
75 87 7217
14 36 3386
7 43 5070
14 93 1514
49 56 3841
23 71 618
50 70 224
60 84 54
73 76 4988
66 97 5372
15 79 8146
92 93 126
60 61 7252
45 67 853
46 47 1269
40 63 8165
46 95 4278
21 33 437
36 69 6547
87 93 4891
38 85 173
14 43 2506
32 68 3877
7 91 2506
5 87 334
51 67 2427
36 38 1039
58 99 5305
20 66 8635
21 80 3839
7 15 529
27 29 827
27 56 5778
87 92 117
91 99 9702
73 89 303
19 28 1677
80 91 8539
35 82 8342
4 41 3584
6 88 9905
3 44 346
76 92 3830
86 96 9252
60 80 6354
51 71 9926
39 58 1765
38 68 8142
7 36 3340
23 52 5616
65 77 7230
14 85 622
23 84 73
96 97 9622
52 79 5083
1 29 9774
13 55 720
74 93 8304
46 99 878
54 77 3877
27 68 1137
12 49 691
36 84 7256
4 12 8006
41 86 7676
26 73 2720
14 54 4532
28 100 3856
37 80 7866
51 61 4163
40 53 8891
7 38 2078
56 59 3344
26 95 5927
57 82 319
14 86 518
13 85 3425
24 31 6462
25 27 2610
31 53 1755
6 83 3051
24 73 4267
47 89 3103
26 56 3149
35 86 2807
15 90 3787
50 64 4494
35 87 9398
10 97 1899
41 80 7573
47 66 6386
6 23 4573
51 74 6586
31 59 8463
41 62 8908
54 69 4165
49 57 672
17 22 2299
24 99 7144
24 51 1069
7 67 8969
41 91 6548
9 13 1020
1 93 687
57 78 5129
25 72 9123
21 46 4942
50 53 9795
32 87 8163
45 50 4350
19 52 6094
20 23 60
74 83 1908
41 64 9302
46 60 8022
34 78 4247
34 89 6743
73 91 4791
74 95 7535
49 52 2801
53 99 7649
45 51 4585
3 40 4556
90 95 5072
38 65 7556
29 57 9459
41 94 9582
4 78 3239
9 90 606
50 82 2501
18 79 8737
60 82 2133
56 87 697
11 18 7292
10 22 1964
17 75 3716
78 92 4235
4 30 5024
31 74 963
12 55 2108
34 72 3878
93 100 6630
25 56 3655
10 44 9872
38 86 8631
13 64 640
2 6 4994
32 90 4846
77 85 8328
32 78 7114
49 91 3245
50 77 2705
33 95 3216
45 65 5166
56 68 7068
14 16 7744
59 98 9168
46 65 2991
27 97 2526
31 63 1709
71 99 1398
8 80 1663
70 98 4128
49 58 8713
37 54 6844
59 69 2683
44 48 9177
37 78 9086
63 84 9863
42 60 2332
24 88 7406
4 89 6097
36 80 8571
53 66 1030
68 94 4813
5 80 3944
40 71 3412
29 37 9498
48 77 644
26 74 8416
28 60 8700
2 21 3318
55 94 6425
8 71 2227
80 92 4073
11 44 898
29 99 9217
23 69 7498
53 88 158
14 26 8595
58 78 4604
45 84 743
54 68 7191
68 89 1737
28 98 1749
22 26 8233
1 9 9280
41 53 2627
74 86 7125
14 95 9402
13 53 2685
82 98 3368
77 91 1374
21 72 4018
22 89 7249
67 82 7821
5 79 9314
28 73 5252
73 80 7738
14 90 8564
16 60 6284
49 99 4189
15 21 2609
20 58 5113
36 89 3347
38 75 6858
71 86 8236
4 35 5910
31 95 9917
23 47 3937
10 58 9485
28 54 2814
15 37 6296
29 43 5125
14 40 4675
30 79 2755
53 68 9184
84 95 9589
26 93 102
27 50 5106
9 56 494
17 51 9819
45 46 9133
59 74 675
53 86 8052
11 56 7279
28 65 682
42 50 6428
38 51 8372
46 59 387
35 80 106
37 89 5214
10 66 4697
49 82 3943
75 88 2888
14 72 7828
13 45 4971
5 38 8021
88 96 3944
60 95 9017
4 20 1694
53 80 4739
8 87 7583
47 84 2417
15 39 7233
15 88 7718
13 60 5224
75 80 9436
25 43 7632
34 62 2972
54 94 3950
42 53 2793
42 78 2052
74 85 4639
4 36 8182
14 75 3807
1 14 7312
52 60 9831
72 99 6644
96 99 9891
72 75 4501
15 24 5094
55 98 3700
52 93 1511
48 58 9965
1 12 8604
25 78 5984
51 96 407
53 61 1409
5 39 7363
5 78 1983
28 41 7116
64 80 692
46 55 6738
3 58 642
12 100 7788
4 44 664
27 66 1611
8 79 2758
34 100 118
69 98 1910
31 38 47
29 100 4615
14 81 6440
32 80 8185
47 48 1783
50 100 7962
51 84 7002
31 82 8178
69 75 5851
6 68 3136
9 40 402
19 50 1682
75 81 3197
6 30 8711
20 90 6528
37 93 8710
65 89 7181
26 44 8570
24 80 6482
58 88 852
15 73 4613
52 94 2287
57 95 719
36 98 7745
5 7 4844
53 79 2934
24 81 7390
35 48 3452
2 48 6900
14 84 5887
20 87 5679
33 87 4914
81 95 7166
2 26 5042
86 95 5950
24 38 8891
31 54 3859
10 60 214
77 93 2581
20 28 1145
31 87 7595
32 73 5165
13 96 8232
13 65 9662
7 18 2136
55 87 2165
18 67 4025
52 57 1173
32 94 3370
13 35 9862
68 78 6692
32 74 645
20 63 3114
18 70 3945
51 53 5026
8 94 1763
94 99 4193
4 29 6813
27 92 8840
21 98 543
33 93 3905
69 97 2369
4 91 7223
34 81 9764
25 80 5368
22 92 6255
27 80 4844
18 38 8859
12 18 483
88 91 301
52 89 7552
12 70 3542
8 40 934
44 80 3501
9 99 8342
30 33 5191
15 30 4039
70 93 1484
10 17 6914
36 79 1209
9 41 8946
60 86 2692
30 51 7438
65 73 1748
23 73 6436
36 86 8588
36 65 7781
5 25 9739
21 90 6931
26 30 3781
4 60 3370
28 75 7103
41 57 5489
39 78 6973
42 48 3936
83 100 7660
11 36 7167
38 94 3966
7 49 258
57 85 856
85 98 1494
3 82 2733
15 47 1466
10 14 4169
23 56 894
22 24 1454
19 83 3772
6 18 9710
1 3 3577
53 83 5389
31 89 650
16 25 2899
9 49 4838
29 66 4580
75 77 6592
6 71 3200
55 71 5153
14 59 8073
23 27 1415
5 52 3353
16 49 9888
34 64 31
73 96 5828
49 65 6381
9 14 3669
47 57 227
68 93 8616
41 100 7881
17 73 1905
27 34 894
25 66 8480
33 86 5732
54 99 4813
42 67 104
31 32 4100
24 98 6514
15 77 6113
44 91 5953
42 93 1178
13 43 3811
2 90 111
27 38 5143
34 60 914
47 65 1795
12 30 54
35 73 5589
5 66 3322
26 68 9803
55 76 8994
75 84 2336
21 85 1977
72 81 3436
29 86 9049
15 86 4299
29 73 5750
32 86 4169
14 31 5149
58 83 5202
7 93 3216
56 74 9932
84 88 9327
52 87 5520
13 28 3877
13 95 93
31 33 3048
21 30 5227
16 59 2238
10 63 2144
12 71 8847
27 96 3077
60 96 6367
12 16 5094
36 75 1081
50 83 5627
14 23 394
26 43 9209
12 67 3826
54 96 472
57 75 8267
33 83 2291
22 52 6839
32 91 9393
20 83 3595
4 73 7830
6 7 2941
50 56 4472
20 30 9679
34 57 7554
95 98 9177
17 26 4123
8 89 3304
54 63 4788
55 91 472
32 39 4404
1 74 9970
11 37 2020
24 55 5814
42 77 7929
3 16 2888
30 93 7316
27 100 4970
24 95 2524
17 80 8764
31 40 2454
30 32 8614
2 36 6410
12 36 2002
15 40 8997
27 78 2393
25 26 7597
21 48 2292
9 43 2696
26 92 6719
36 70 7484
71 83 9548
67 96 133
45 74 4782
27 49 2055
62 76 9920
30 71 5097
15 99 4152
47 98 2830
17 42 3599
16 70 4723
32 85 4462
19 26 6650
67 75 3895
48 52 4280
23 41 7417
2 59 2721
43 51 1137
51 65 1902
32 61 9504
54 81 8676
67 86 1409
81 89 724
50 88 2919
31 72 5137
23 99 2265
7 76 4166
45 91 6685
21 91 8947
12 28 8805
11 57 60
2 58 9211
5 40 7392
22 50 2270
13 49 953
1 49 1402
6 85 3240
1 10 5785
14 49 4510
13 67 2091
16 54 5243
23 40 5830
37 72 4551
16 79 2959
18 98 7121
52 53 1940
37 75 8795
78 98 6847
35 44 7730
35 89 5690
24 69 8318
43 89 1090
39 81 2926
28 56 6494
26 39 6032
49 53 2284
72 90 3075
51 90 256
20 53 1341
58 62 1244
41 69 124
10 85 6973
74 79 3645
55 68 9579
44 78 9054
7 31 2271
67 94 1124
63 80 3250
28 64 1227
6 34 1273
23 83 3729
3 25 8626
4 61 1041
53 100 3021
68 79 7169
7 74 7851
41 76 7691
14 94 8473
22 40 1099
63 97 5640
5 75 4701
39 83 9939
49 89 9203
4 49 6448
34 47 1353
48 100 9826
68 99 1514
9 24 5221
51 64 638
46 64 5271
38 83 6298
31 71 9766
9 73 342
48 89 7438
3 83 9724
6 62 6703
5 60 1558
46 89 4752
26 87 9556
7 37 4389
21 50 3904
59 77 9537
61 96 3234
2 39 9613
70 87 1378
32 33 5204
15 16 161
29 97 4644
45 64 4917
46 69 2549
62 77 345
31 90 8950
54 71 8993
31 60 9820
2 87 5278
58 91 2522
31 39 9191
79 89 5294
72 80 529
37 92 8322
33 91 6323
37 61 4685
47 86 2893
9 70 2957
16 27 3506
88 93 5526
54 100 4793
47 91 7542
2 9 6535
10 83 7456
51 91 3242
44 93 2501
32 46 3846
32 99 737
36 44 1584
32 54 2379
18 76 2092
14 61 1563
15 87 262
52 81 6920
32 67 8978
11 21 1305
31 48 3765
25 44 6615
7 51 656
87 100 5956
41 84 6415
43 73 8799
20 76 9750
12 15 1474
82 88 3446
13 42 6258
32 100 8850
27 90 3956
56 76 9669
3 51 8351
30 64 527
29 32 5718
12 41 7892
13 26 3745
2 81 5842
43 53 7280
36 93 9398
13 21 9952
52 61 638
6 80 6329
7 8 7564
17 25 4477
14 64 3711
8 39 433
33 96 1217
70 96 1880
28 67 3665
37 55 5492
39 77 3278
8 81 1020
31 73 6744
81 100 1516
12 51 5030
17 92 8384
62 72 9958
45 97 5022
28 69 5321
8 78 3926
9 44 3947
16 58 8762
64 98 7715
12 17 3885
1 22 8078
17 100 6109
66 77 8284
43 55 5040
21 27 9415
29 85 5808
44 67 7783
21 65 1655
3 38 8552
71 89 3705
38 54 2502
63 95 1539
66 87 3773
48 53 3767
9 12 8066
14 53 1412
50 58 6385
26 75 9480
87 89 8885
27 69 309
28 61 4538
69 79 9892
11 48 3762
10 77 9069
19 31 1433
18 24 7281
22 59 362
31 77 3229
6 61 2029
37 58 7328
6 36 8343
3 91 8791
59 76 5376
48 97 7340
40 72 3314
89 96 307
33 41 5270
1 62 7168
20 11 1167
73 97 1011
86 16 8799
49 72 8349
54 100 540
61 55 1785
27 84 145
99 16 2323
79 74 3330
62 38 9397
14 56 1179
32 11 6725
68 69 4917
4 42 856
94 61 2918
29 28 2565
23 72 5247
8 47 786
49 11 4778
70 22 2041
68 47 4333
40 26 508
92 24 4175
84 37 31
87 66 5129
42 80 7269
5 70 9056
45 99 3215
45 82 1101
58 16 9677
32 54 9652
35 42 9059
55 12 9634
13 22 580
32 3 7916
8 68 7800
48 95 3899
31 99 848
96 1 1227
59 53 466
70 99 453
56 78 9329
76 19 4985
90 77 3138
93 27 107
62 40 4837
1 99 6822
100 68 5559
22 91 5338
42 50 6428
80 37 3055
13 17 6006
54 14 8280
79 81 7018
4 65 7505
91 77 5434
40 46 342
35 22 8127
66 68 6079
57 60 1114
13 93 7391
65 26 694
11 14 7509
53 90 190
41 83 951
64 16 3248
47 44 9978
26 12 1488
89 36 8341
52 21 8527
88 45 5911
43 90 4499
9 19 6764
90 33 5107
34 33 9211
25 28 9845
20 21 9917
4 80 6469
14 6 4618
4 43 5237
8 12 1659
71 94 1477
13 19 904
63 52 1859
32 7 9347
81 33 6997
29 66 1225
62 54 3322
81 76 6266
57 33 4930
18 9 5109
65 88 7200
98 88 5155
93 77 7175
98 21 9437
9 50 8696
89 82 3959
89 25 2464
59 3 1185
39 64 5676
6 95 5507
13 54 304
73 83 3117
43 81 1821
74 2 3439
89 1 8722
71 74 7833
38 23 2077
11 20 5400
8 21 6154
77 1 3194
13 85 8421
77 87 7554
29 3 9315
27 6 3457
31 77 7794
70 29 4655
41 97 8201
84 54 1533
29 4 326
22 90 683
66 12 5805
90 21 8070
90 80 69
75 12 1723
25 87 5998
50 18 3756
73 58 9364
99 93 5168
23 85 3573
26 36 3307
49 93 9478
48 51 9882
10 6 6385
44 32 6851
25 17 4359
76 91 476
83 44 8951
49 41 5722
73 43 9268
28 37 866
57 11 9110
21 32 7054
47 10 3744
70 21 1604
33 72 9902
13 32 5709
95 35 5367
43 74 9624
19 26 2255
85 61 148
36 28 657
34 75 1609
8 99 9680
50 52 8921
97 58 2533
69 22 2202
17 69 9221
19 29 7848
83 35 4146
60 85 7450
99 21 1711
31 8 6813
54 94 5550
39 47 2134
69 80 5523
79 94 87
62 38 5452
13 51 8959
86 35 9082
61 42 56
35 2 1200
98 6 4593
86 48 5707
9 15 8573
28 21 9331
41 93 2928
62 53 3994
68 47 3024
82 65 644
69 75 6912
64 68 3823
12 38 6415
61 89 436
46 71 5132
21 61 9510
1 54 92
39 55 5967
52 58 2227
22 59 1529
20 61 9202
57 87 1547
87 35 2834
8 65 1439
18 12 3179
30 56 7138
7 74 4117
18 60 6355
73 68 8579
17 48 63
73 86 3083
56 93 9125
78 54 5210
55 58 9587
9 77 5004
20 24 3577
25 5 4492
41 11 2777
31 22 9642
50 4 2624
63 22 6754
28 97 562
2 32 3132
99 33 9178
61 42 1835
87 47 8876
24 67 8898
60 43 6536
66 100 4884
94 23 5302
10 33 7227
35 25 2030
44 10 3649
99 58 7046
3 81 3347
1 4 5526
38 56 5395
82 30 6634
28 96 5742
60 1 4025
29 19 3496
88 54 4768
94 12 5078
52 46 1709
85 18 2354
18 94 1765
9 63 6883
3 41 1646
75 39 6983
31 79 6222
95 15 2207
67 82 5726
56 11 9578
39 69 3129
81 96 5366
43 9 5018
73 37 1102
34 32 6225
50 95 3647
66 71 1154
53 17 4214
88 21 6037
84 5 2077
31 69 1352
75 60 4797
82 68 2390
81 18 8580
21 31 2964
100 39 8121
41 21 1331
57 70 2012
46 58 267
23 34 9485
46 89 6207
65 43 9081
3 12 6587
22 90 5968
63 90 9647
35 79 8853
2 35 4349
31 61 4101
77 40 406
58 89 2044
30 29 2577
43 79 7707
5 17 7843
95 99 744
8 93 4623
16 55 9056
57 17 3455
15 11 7513
39 100 9603
35 55 7372
20 43 2259
94 44 7165
86 82 6258
44 16 5865
80 55 186
89 19 5109
62 30 7006
42 50 4084
44 77 2246
19 90 5336
8 64 9467
54 79 1841
42 82 9475
62 8 117
23 15 6879
24 85 8304
63 40 6109
51 31 7449
80 57 4602
40 31 4195
38 42 7587
64 70 3221
59 57 6715
30 43 4875
93 44 4664
29 50 1358
16 22 9263
22 96 1478
39 84 412
28 99 2770
33 26 6055
30 25 5978
57 1 5999
100 76 8238
98 45 2768
86 66 655
23 61 3537
71 35 7393
19 87 8177
99 92 9199
2 86 2537
68 22 799
69 60 4452
41 94 9277
75 14 124
16 45 2390
86 61 7925
6 54 1223
99 73 9305
85 8 1681
81 79 9500
24 75 6507
53 26 8949
32 24 6302
1 56 1370
56 96 1100
57 84 3244
43 65 4369
47 22 2884
1 15 2642
49 18 258
89 35 9109
23 90 7138
54 6 8963
35 99 3916
100 56 8039
23 57 6390
49 95 4261
13 20 6050
28 49 2929
69 13 8334
27 45 8959
9 8 4176
13 44 6887
24 65 2839
61 51 7699
97 96 3904
22 90 1845
16 30 9687
38 9 9772
6 66 1882
49 97 4468
7 62 6440
14 67 6008
32 6 6311
95 39 6735
29 99 1733
37 17 5973
20 27 855
24 38 5000
80 32 6055
3 75 3163
16 91 3528
10 42 298
56 98 2540
87 10 3743
64 90 563
9 45 2734
48 60 1372
23 88 9442
90 48 9637
54 48 2445
56 92 2170
95 39 5099
11 57 4866
93 82 7208
17 54 8428
77 60 6362
79 30 2297
49 50 4986
18 83 3275
34 30 968
34 23 4136
30 44 9065
85 93 1433
66 50 3871
41 48 8910
72 73 7760
97 48 7989
97 22 606
23 83 5186
97 89 4797
92 80 8576
10 88 2634
96 63 950
4 18 3881
60 98 7565
56 43 3093
90 96 9210
56 2 3116
81 21 1641
71 52 9630
81 25 9170
100 62 1069
80 20 5984
85 9 7484
28 55 5047
28 54 9547
53 48 859
88 3 2426
15 94 3583
12 14 9949
47 87 954
31 57 1650
32 12 4011
29 46 8890
44 25 6949
75 85 3019
100 34 5555
15 56 8089
39 2 7634
48 55 5312
5 42 3268
1 64 8230
89 63 1622
36 14 5159
20 74 52
2 92 3498
15 45 5276
39 82 5149
1 6 779
8 65 1385
66 2 8662
88 66 8930
31 7 4626
43 49 7256
45 71 4454
70 12 7497
18 15 1112
11 88 3542
74 41 5611
95 15 8636
59 93 1768
28 98 3110
67 55 8283
49 27 2946
23 73 7100
85 26 5373
10 29 677
43 74 2577
54 33 9087
65 53 5297
70 2 4228
81 24 1923
7 86 8085
20 21 7341
77 28 6674
34 26 2744
58 52 4091
65 43 8885
38 39 4354
31 28 2336
55 8 7229
46 4 973
12 87 6971
40 64 8725
16 6 7868
25 53 6008
12 54 644
2 66 4651
15 26 4331
5 82 689
78 77 1861
99 8 104
43 12 2126
4 97 8013
22 70 1975
28 7 6881
100 82 5569
14 86 7964
4 69 6769
65 11 8955
99 98 9769
21 75 7970
54 35 786
50 66 4861
49 4 6429
39 81 8168
19 20 5516
57 43 1912
88 5 7585
80 17 9090
4 53 6774
11 12 3509
18 62 9241
25 67 112
53 24 8639
22 58 7680
91 46 1399
38 80 1188
43 95 9220
57 65 2121
83 6 858
63 46 1126
64 95 6768
6 78 1989
100 49 5655
4 8 4298
8 33 4358
56 97 6375
67 79 4772
45 31 5197
47 74 7984
4 58 9233
27 63 7433
8 95 2482
32 30 3172
49 16 6681
51 80 6580
30 51 9857
11 78 5771
55 32 8156
46 28 6320
92 27 3721
88 10 129
81 34 7348
54 91 9605
78 32 3801
27 18 4348
69 2 5130
37 42 9614
41 44 5523
24 94 1084
91 84 139
68 80 1724
100 81 2380
64 67 1190
81 26 2891
46 65 5693
21 35 9844
66 15 6592
41 57 3099
24 76 2172
45 77 8089
50 27 5691
93 70 6698
73 49 407
81 69 6219
26 54 2244
28 38 3596
40 74 5091
99 28 14
17 95 904
53 39 1486
61 71 2879
36 64 9553
29 99 9771
87 82 7894
77 57 7691
40 65 8450
25 37 2311
14 70 1084
94 24 6470
82 65 2751
15 25 4277
40 43 1530
48 68 2841
49 46 7227
35 46 2893
96 78 387
17 28 1303
38 17 8629
78 96 5452
3 79 5157
82 13 8417
59 68 6745
97 41 7722
69 32 2990
6 96 9979
85 49 5427
38 88 3848
85 96 7809
17 42 4465
65 60 4888
26 58 3611
67 28 9814
17 61 38
49 58 6068
32 23 6668
99 85 3475
29 19 1585
31 47 4018
11 32 9355
58 41 8365
53 38 9960
70 5 4398
30 7 4150
36 82 1709
40 30 5002
13 82 4763
63 51 4413
95 96 6564
68 94 1742
68 3 7332
46 37 4403
90 88 477
58 1 5196
78 95 3747
93 83 1588
34 57 8278
10 28 2542
59 62 1828
51 59 6681
38 46 717
17 36 6549
85 54 2583
92 88 4572
93 1 1099
18 13 1838
49 70 9913
22 31 9547
95 94 4386
31 73 417
12 85 9553
78 91 910
67 19 470
23 82 5501
37 54 8537
18 65 2121
83 78 4221
3 86 3877
12 61 4867
6 63 8592
78 67 6951
20 35 3064
78 13 4264
85 6 9133
26 31 2349
8 90 7379
62 14 6304
76 21 2338
53 2 2153
93 17 7447
96 41 468
97 27 5503
89 45 5242
86 56 3610
38 8 7523
33 83 7090
83 84 6741
51 97 9117
23 75 9367
4 78 3825
84 28 4139
34 50 2034
82 80 1046
44 23 3337
50 80 8174
44 6 9148
45 16 2105
56 6 6916
45 97 5201
98 32 5556
3 35 8205
79 13 4108
25 12 1587
77 47 3663
1 2 5979
55 5 2017
91 60 3882
19 91 3024
20 31 8568
88 8 2556
66 65 3808
86 91 7006
91 94 1868
48 1 7921
23 48 3503
2 54 7253
97 32 3844
96 50 2454
97 40 1581
33 23 3981
45 15 9880
25 93 534
14 97 8215
39 48 6397
18 80 4651
95 63 8211
39 52 7389
71 48 3309
49 1 5364
23 71 7791
65 9 3378
93 59 1006
21 51 687
58 38 1018
8 77 8416
90 70 1050
24 99 9587
97 65 2120
40 51 9086
92 51 5690
36 76 9315
24 60 8969
45 28 9714
37 54 3099
92 24 6484
97 37 1000
48 31 9141
17 93 3967
84 70 7538
97 15 1184
95 53 6042
36 100 3189
83 71 4066
21 19 5073
25 85 6381
42 61 40
43 24 8998
78 40 9110
78 36 2380
85 18 5496
58 19 659
83 90 7923
41 45 1143
92 29 9467
75 38 4547
87 89 8609
71 80 967
48 95 5073
63 40 441
65 3 730
95 84 1793
31 19 3193
32 30 9801
52 20 9234
30 23 7015
20 37 6102
72 84 3636
82 21 2331
16 78 8388
29 71 1729
35 47 5381
5 58 9639
36 47 2917
16 72 6909
98 67 7246
64 36 6315
5 26 3766
51 23 2685
21 74 736
5 9 8216
71 18 2546
82 93 1718
46 87 2590
48 87 5480
19 1 2408
6 5 2739
52 20 3871
79 14 7546
57 55 5135
79 4 6844
55 97 5526
61 1 286
14 64 5657
7 80 9925
11 100 370
60 52 1759
57 88 1208
1 50 4888
70 93 7044
85 27 2356
31 65 6674
96 15 5714
57 47 3861
62 28 4484
82 2 5045
84 52 4430
13 90 5301
50 41 3036
26 98 6393
77 72 1699
21 15 66
53 46 9713
90 32 9032
26 89 2013
45 96 2301
7 77 2550
65 66 3678
20 18 5359
49 72 1388
96 22 3261
48 88 2401
46 92 8739
72 49 4528
64 67 5453
15 61 5233
69 16 2391
82 16 8310
9 85 1415
74 16 6317
93 56 6823
43 77 5900
69 3 6505
21 32 5418
87 20 3658
66 70 6858
2 96 3758
64 39 3170
44 86 7374
72 9 3421
48 1 8555
16 63 4574
65 5 1026
31 86 6274
60 64 1931
11 25 9189
88 78 8311
10 72 8728
30 36 4068
93 62 6193
17 62 3349
69 59 8291
44 17 8097
87 38 6613
91 34 3327
4 13 7696
6 24 7583
96 9 431
69 48 278
36 24 6604
85 38 6148
17 8 1325
67 2 8845
14 98 3796
47 100 4130
58 48 5233
77 88 7105
87 47 3500
60 22 271
41 24 8085
22 83 8631
48 92 1823
77 93 9489
79 91 3982
43 91 7794
70 77 1129
60 59 6268
14 90 7650
37 16 8715
57 49 1815
3 61 6571
73 43 6104
99 3 1007
60 68 4410
86 18 3632
89 14 1665
51 68 9975
2 40 4590
92 76 4715
7 35 987
99 61 921
98 64 4110
70 24 2507
98 79 8208
57 22 849
60 25 3188
77 83 9577
2 16 2721
79 49 1408
59 19 8162
96 99 2669
83 75 4022
24 67 6816
77 42 8963
37 72 3606
75 10 1185
98 4 5708
42 9 9951
56 90 6124
39 97 9718
92 79 3217
99 31 5906
57 23 4979
87 88 4299
56 43 9652
51 77 1434
82 85 2815
36 6 431
17 72 4851
47 64 9794
12 28 1579
86 71 6461
82 9 2698
10 97 9843
51 46 9047
97 67 4537
94 92 3924
1 4 5661
91 72 229
96 54 3113
69 77 4859
30 78 9002
7 68 4184
20 23 1687
78 73 2742
45 65 5372
38 26 184
78 74 4731
13 90 7992
50 12 7108
73 9 5665
36 77 371
55 78 7935
63 8 836
63 96 3072
13 59 9460
48 40 4170
48 35 1025
58 69 2978
84 23 9731
16 79 1609
43 68 3204
99 60 1514
38 46 3890
13 5 4552
3 98 2900
36 98 5589
66 1 251
20 68 4266
3 72 117
12 35 3902
84 51 8063
86 90 678
67 90 9439
57 34 8578
33 39 4602
7 82 6835
82 85 6206
92 28 7298
16 1 2910
22 42 6867
23 36 4476
53 37 3706
38 84 332
52 16 1026
93 67 2833
4 53 4980
90 83 1857
19 52 395
98 5 1701
10 52 6396
27 64 6358
46 55 1920
53 68 9947
18 29 3299
22 86 6229
65 12 1415
54 61 9662
19 93 756
15 27 4525
82 27 6915
83 55 7015
67 44 1031
5 96 1428
65 18 6008
43 36 2453
49 89 503
75 64 5311
100 51 1197
12 47 3916
22 81 1428
13 43 1378
7 39 1136
17 27 1449
1 24 440
51 74 5031
34 85 9563
9 98 8586
10 2 2315
28 71 1425
60 2 6281
2 84 6096
73 1 7943
35 18 6125
99 68 8167
71 18 7137
56 48 3161
45 92 9677
21 77 9131
41 58 1471
11 36 8380
78 60 5
85 56 8150
32 11 362
95 21 6983
45 66 7873
46 5 9930
30 62 1334
8 6 3056
11 70 1915
80 81 9195
97 79 1820
15 40 6008
52 71 1584
8 14 2534
96 13 3650
82 68 4117
3 56 4078
41 4 8354
66 44 6777
22 17 3069
62 44 9052
8 96 8249
61 60 4825
2 84 6441
48 62 3874
63 68 9702
73 46 4686
58 34 3540
86 28 6147
37 67 6381
13 78 3201
19 2 1143
73 4 1563
81 67 6220
12 11 7351
5 91 4069
22 64 669
65 40 52
80 38 1257
53 60 5877
60 33 5369
95 7 2326
2 5 7048
39 14 5252
