20 6000
8 15 8527
6 18 284
6 9 8396
3 19 188
4 13 4087
12 18 2768
4 19 4829
1 19 312
13 15 3952
13 18 8335
12 13 7747
6 11 312
11 20 55
3 6 5914
14 16 8505
8 14 1274
6 10 2103
1 12 1836
2 10 4422
15 16 7097
12 15 5189
10 20 4144
5 15 1407
15 18 6172
4 15 4835
1 5 3689
8 9 7572
10 19 9319
1 10 4096
16 17 4714
13 19 9984
11 15 6663
14 17 8260
2 16 7758
2 13 3307
11 16 3991
1 2 2517
3 4 5263
2 12 2826
14 18 5903
13 14 791
3 13 7537
17 20 2748
7 8 3970
5 20 3062
8 17 6774
10 13 7645
3 7 1694
17 19 6908
6 14 9290
2 6 9172
9 11 1086
5 16 6816
4 16 2422
3 17 7175
4 5 6217
8 10 5203
15 20 4111
13 17 8211
10 14 4818
6 16 6931
3 5 4998
9 19 5079
4 8 2568
8 11 7674
11 18 5351
7 19 5001
7 16 966
10 17 2381
2 14 8973
2 9 5244
4 11 34
8 20 2240
2 11 7466
17 18 3298
1 9 5856
3 12 1550
18 20 7025
9 13 902
7 15 6158
7 18 2036
16 20 2367
7 11 3712
1 16 7335
10 16 5989
2 17 6395
1 11 8388
11 14 2018
9 18 2389
8 16 1484
10 15 1745
14 20 5586
5 7 2928
1 17 945
6 19 8579
6 13 7686
5 8 2258
3 10 5512
7 9 2627
12 20 6265
4 14 9039
5 11 4298
14 19 7269
10 11 8577
18 19 2458
11 17 6475
2 7 7223
3 18 7025
6 8 4016
4 17 4045
9 14 2134
15 17 1977
5 10 5852
9 15 1932
8 13 9002
14 15 3875
4 20 9875
12 17 9345
2 5 7575
6 17 6790
10 12 4504
7 12 7041
12 19 7804
5 17 1093
2 8 2391
3 20 669
5 18 2758
1 6 6671
3 11 2187
15 19 6449
7 17 8956
5 13 4191
8 12 7002
9 10 1864
16 19 8770
1 14 6555
13 20 5830
1 13 8676
4 9 5961
6 12 8759
3 14 3644
7 13 4360
8 18 8811
2 3 4544
7 14 343
11 13 1393
1 7 4082
11 19 1283
13 16 4796
9 17 9238
9 12 880
2 15 2903
11 12 1133
3 15 5630
8 19 4101
3 8 3357
2 20 5848
6 7 3576
6 15 1358
16 18 1188
4 18 6791
4 7 3378
4 10 4834
3 9 8201
5 6 8864
5 14 1445
7 20 7702
9 20 2609
10 18 9284
2 19 5189
5 19 9033
1 15 9344
4 12 1698
12 16 7044
9 16 3094
7 10 8403
6 20 6643
1 3 4381
12 14 2679
1 8 5895
1 20 686
1 4 1051
3 16 9134
4 6 4194
5 9 1012
2 18 1250
5 12 7500
19 20 3543
2 4 834
1 18 547
13 4 4414
1 9 7940
14 3 787
15 19 9831
5 2 6685
10 3 6854
19 9 3364
16 1 4004
10 4 1756
16 17 2054
6 19 5223
9 14 3063
9 12 7074
20 2 3609
3 6 6634
18 4 8031
18 8 3100
12 18 7568
20 7 5366
14 10 5228
10 6 2384
5 2 4237
11 17 3979
8 9 7911
8 10 7015
19 2 5250
15 7 6048
8 1 1640
17 15 7554
12 5 2634
10 20 313
15 6 825
13 19 5153
2 18 3580
3 11 1578
17 11 1671
1 14 3148
17 13 639
6 20 7666
14 10 9485
20 9 8980
13 4 2705
1 10 4890
2 20 5138
11 15 888
14 18 3957
1 16 2491
20 15 7555
6 11 7944
16 13 9615
11 8 7585
1 5 4464
7 15 9738
15 3 6833
15 3 2034
17 1 6759
10 8 9918
3 13 5746
16 6 1981
7 6 8259
2 8 866
6 19 5348
16 5 674
4 8 5586
6 12 6486
15 18 6242
10 11 935
8 6 408
19 14 3870
17 15 6667
1 6 1365
15 14 3846
13 17 8586
4 1 1057
16 13 7799
18 3 1341
14 9 4574
9 19 9047
11 13 2355
18 6 2760
15 12 8928
6 8 7402
12 16 3550
16 8 3403
13 12 638
14 6 938
14 10 5297
8 19 6485
11 3 8469
6 3 8287
20 15 7915
20 4 198
19 9 3217
8 6 391
11 4 944
2 10 7451
13 16 45
7 20 8291
20 10 6360
1 8 9917
4 18 1340
15 12 93
6 16 6664
10 20 9545
13 14 2744
8 13 2410
18 12 3332
13 19 42
7 12 8113
19 4 3775
9 1 563
12 5 4076
14 4 1782
5 15 8340
10 4 4755
17 6 2049
19 20 390
10 18 1099
4 3 5213
18 9 5575
13 20 3379
10 9 4082
13 11 7616
10 17 7553
7 2 6798
18 20 4121
8 18 3329
10 12 3564
16 8 6704
17 4 727
1 16 3322
17 8 5837
20 15 6198
16 14 909
1 18 5463
12 18 2150
6 18 2725
5 2 9050
18 16 301
4 20 9491
1 12 4184
5 13 962
11 9 5812
9 3 5055
12 13 6685
16 8 9729
17 7 1295
20 12 8646
1 8 6111
10 17 2049
8 9 4168
19 9 515
18 11 792
14 6 6721
5 16 1254
3 10 1558
1 9 1827
14 10 3681
10 19 2501
5 9 8080
20 18 1358
2 5 486
19 17 2881
17 13 1520
16 14 1933
9 13 7860
1 7 5445
19 6 9418
15 2 2707
20 8 3594
1 17 7255
9 4 4972
17 4 3968
13 17 6491
16 14 6079
1 7 5088
6 7 7449
6 3 2418
16 12 3789
16 7 6177
9 11 2043
13 1 4579
15 17 3159
11 17 3214
15 2 5310
8 15 4113
3 15 5187
2 14 1583
11 15 3898
12 6 3022
2 9 2687
7 5 1367
11 12 3676
11 20 4395
20 7 2366
8 2 9615
20 6 2029
15 10 6344
6 18 3146
13 9 3809
1 19 4780
2 19 9509
7 4 9242
13 14 5226
3 8 7611
15 11 2688
17 15 4631
10 14 9267
2 14 9559
7 14 6179
18 12 2121
20 13 8664
14 5 1017
20 12 9023
5 8 9043
17 15 3193
4 15 4780
20 17 5115
15 11 4864
6 10 7971
13 9 7980
20 18 1979
11 14 8986
15 6 8668
1 18 1394
7 1 1378
17 1 1454
17 18 7073
7 2 4257
9 2 5256
5 20 4267
11 5 3923
18 17 664
13 7 2486
20 14 2886
10 13 6431
19 10 9197
10 5 7043
5 13 221
19 16 976
16 9 6926
9 12 3404
17 15 1459
11 8 3409
10 19 2938
19 16 2862
2 8 7619
17 16 8662
1 15 1749
7 5 5082
2 18 7960
1 3 3957
8 12 2468
5 19 310
16 4 4185
2 17 3232
2 1 4601
8 4 2344
1 8 3943
20 6 592
18 11 9050
2 6 602
13 20 4305
19 3 704
18 16 9650
18 19 3793
12 19 6383
14 2 9215
10 5 6234
4 6 4161
6 17 6966
11 6 3333
13 9 5883
16 20 4431
13 3 2286
10 14 3127
8 11 5519
15 3 7929
15 2 37
10 7 5644
14 10 8700
12 14 3445
3 17 7776
5 17 3085
9 4 9119
10 19 5771
7 19 1077
12 16 3310
10 5 9128
7 9 3204
3 20 714
10 11 6847
2 9 976
4 3 8626
7 9 19
1 4 3684
14 19 4853
7 10 431
3 20 8073
14 19 4637
4 10 9286
12 13 24
10 4 4357
7 15 3932
19 6 7079
10 16 8302
13 16 1521
20 17 5844
18 6 6542
13 16 4554
18 7 6120
19 14 8
10 11 2472
8 4 8113
20 10 7771
3 6 9780
11 20 5522
7 11 2663
14 4 4355
20 15 7301
8 10 4090
11 17 6736
9 17 6214
12 13 8573
10 17 9527
3 9 2661
17 1 8219
18 4 2304
5 17 8020
19 8 3706
6 13 7604
19 11 4230
17 12 4264
6 1 285
11 9 1464
16 9 6540
17 14 4129
11 9 3374
16 12 919
19 14 7392
7 3 8814
8 11 4912
9 6 7707
7 5 1740
2 19 310
3 4 5326
14 12 9410
14 11 6571
8 14 4853
3 8 9676
8 16 788
9 19 3516
8 19 9858
12 14 3229
9 6 1878
16 6 7991
20 14 3335
6 17 4200
13 7 2864
13 4 5665
13 19 351
10 7 6265
7 1 591
1 19 1745
5 7 5838
11 1 1368
3 5 4505
4 17 32
9 18 6434
20 4 8364
1 7 6981
6 19 6274
9 7 7163
7 18 605
6 14 6072
9 1 519
4 7 6988
13 6 5260
6 8 9502
13 14 5584
8 14 6448
12 9 2546
16 1 4094
6 15 9842
11 13 9724
12 11 4033
7 14 9648
19 4 5064
13 7 1373
5 20 3741
1 9 4765
8 2 5691
17 13 4823
19 3 3670
14 13 9634
12 20 8477
16 20 5598
4 13 7828
4 11 2729
13 10 9658
11 19 6875
15 10 2416
10 4 4358
18 12 3637
18 12 9005
8 5 4653
13 15 2813
6 3 6255
5 16 5405
6 3 1034
18 15 4745
1 20 3881
4 9 1561
13 18 6430
16 3 2168
10 4 2930
2 5 8152
12 14 6827
20 11 5650
18 3 4506
11 9 709
19 18 831
19 17 7129
6 16 4520
20 19 796
14 9 2042
1 15 1246
16 8 5854
7 15 268
3 18 2435
9 15 9718
20 14 3866
11 8 6744
14 11 4060
14 12 4476
15 17 5535
13 19 2147
17 1 191
4 17 1990
2 1 2170
16 4 5239
5 1 4241
4 13 8856
18 16 6662
20 15 1717
15 13 631
3 1 1929
2 6 3680
9 16 1786
20 7 8266
5 7 4183
12 4 2680
4 1 7302
12 4 8747
7 18 2875
19 7 8845
5 15 4187
4 18 8277
1 10 3964
10 16 7238
15 3 3926
3 8 9237
1 17 9461
4 8 8236
9 6 2075
11 5 6197
7 8 6572
20 11 2116
14 7 7502
5 12 7082
17 14 2693
15 10 3279
4 18 994
2 17 9836
5 18 3331
7 9 681
15 16 8234
18 15 3658
15 16 5249
6 13 6341
13 19 9660
13 10 3543
18 7 768
16 19 5625
18 20 6072
7 1 9218
11 1 3752
8 18 8765
18 17 5847
19 18 6553
13 20 690
19 20 6437
17 5 8147
20 13 7770
19 7 4007
7 16 5535
3 1 7579
15 19 6638
5 6 1607
17 19 3282
7 11 778
6 1 9428
18 9 5263
10 4 9261
18 6 6893
10 18 2746
3 18 3655
4 1 1482
17 7 445
18 10 5995
11 20 5340
16 2 8975
7 16 7678
7 12 6653
20 17 2040
13 7 6721
18 20 7136
5 4 5167
9 7 1624
14 9 5059
7 15 7301
10 2 3629
13 15 2890
15 8 3522
20 1 9525
2 5 3556
10 15 3284
2 19 3284
11 16 9747
2 11 7942
7 5 8330
8 14 1295
2 13 2175
14 10 6556
9 18 2476
7 20 7403
9 20 4761
5 16 4398
14 13 6146
7 8 4582
15 11 1529
11 4 6292
1 20 8952
16 13 6524
10 20 768
17 13 4762
5 1 6983
15 5 5282
6 18 141
13 6 2485
12 9 5658
9 1 8342
9 1 2992
16 4 295
10 8 3260
9 14 3945
13 18 4303
7 17 515
9 12 2834
13 15 3415
15 20 6042
1 13 7041
11 18 2461
6 7 6572
5 4 1327
19 14 1329
10 15 8813
19 6 646
9 7 269
5 12 799
8 1 1330
2 15 192
14 18 9051
8 7 1934
16 13 8889
7 4 8574
11 1 9322
5 13 8235
14 1 5675
18 6 3128
13 1 6480
16 6 3101
2 7 1956
11 8 866
16 7 6924
3 1 8758
4 10 5735
17 8 81
13 5 1263
15 20 4715
14 9 709
17 19 1884
16 14 7139
10 3 2004
6 7 2529
19 11 4643
20 9 3179
16 5 4661
19 13 7473
8 16 7232
4 1 6250
9 1 7892
13 20 5657
10 1 8027
20 1 4899
7 8 4042
16 19 4268
9 6 3541
3 5 4567
9 10 6885
5 19 4298
19 16 5868
20 6 9447
11 2 3547
5 13 8572
13 1 1665
1 20 7076
10 17 2413
20 11 4338
20 14 3396
13 16 7454
2 9 7226
14 15 5059
17 12 880
8 14 1975
3 16 6703
11 19 6247
5 13 7487
16 1 9725
2 4 2635
16 4 102
7 1 3380
12 11 3421
12 17 8558
7 8 3393
3 2 5113
12 1 998
9 17 253
8 10 3274
4 15 4599
8 9 4069
3 8 7188
3 7 3876
3 20 4981
12 8 378
3 8 5123
14 7 2199
16 19 3970
16 4 6206
12 9 7930
19 3 304
5 7 1962
8 10 7764
16 3 1035
7 11 8032
9 6 578
2 4 1646
10 3 1892
9 18 7904
5 19 8452
16 20 4147
2 12 863
18 15 4121
4 7 6044
20 17 840
14 10 5480
18 2 79
3 17 4471
9 10 9924
7 15 1823
14 1 5314
2 15 2022
13 8 5325
9 6 1557
9 12 1236
12 4 7287
16 3 5058
15 7 5368
16 7 2758
6 4 7941
3 12 4458
12 7 4838
18 1 8524
5 11 31
8 14 7991
19 17 5766
18 13 3381
12 6 3811
11 3 167
6 11 412
7 10 1382
8 13 5865
5 17 434
15 9 2945
8 13 6333
2 14 3000
2 10 6568
3 16 1575
3 4 9629
14 16 8694
14 11 9529
4 20 1272
17 5 6136
10 12 5323
11 4 3286
10 12 1482
4 12 1124
4 20 5974
14 19 5784
1 6 4454
14 19 2529
5 4 5312
10 7 8582
7 11 1203
12 17 406
1 15 4765
9 5 8311
3 16 9314
4 12 5889
15 16 9454
13 7 2598
10 15 3034
20 13 1838
12 17 4571
10 4 4222
9 12 2875
16 15 3014
13 3 5163
19 7 6446
19 20 4466
9 1 5070
9 14 9987
9 2 7493
3 2 9766
18 6 4568
9 8 5695
3 5 2868
3 5 5828
4 6 1435
16 15 9806
6 7 7989
4 8 69
11 5 5358
13 6 8008
1 13 8668
14 15 2383
7 11 5295
19 20 8858
4 6 1395
16 10 4554
8 5 4430
20 5 4739
6 10 5650
19 5 5648
9 4 1989
20 18 8231
19 13 803
20 10 4756
4 2 8085
13 12 3476
10 20 7954
2 7 7364
18 11 753
17 20 7317
19 16 4982
14 15 9358
2 10 8235
13 10 3976
1 11 3091
12 14 7173
7 19 6128
18 13 817
13 11 2667
19 11 8177
10 15 3796
14 18 4043
3 17 1127
6 8 3656
18 8 4203
20 3 3524
10 1 6460
11 4 9770
17 3 4649
19 15 3340
20 14 3520
3 16 3671
7 16 2384
9 7 7350
11 2 2615
14 2 6474
4 10 8519
20 15 9344
17 19 6618
10 9 5944
8 9 2604
6 12 7317
15 7 4888
15 20 7170
4 18 2505
17 14 8414
5 6 3678
6 9 7323
7 2 648
6 13 2446
13 6 459
1 8 4826
15 9 8896
15 17 1761
15 3 4308
2 8 9138
17 1 842
13 14 1822
5 3 3069
14 12 5619
15 3 5983
15 3 4027
19 17 348
1 7 1486
16 6 3041
3 7 9067
15 8 4289
4 18 6851
18 1 6792
2 14 8232
2 4 8853
1 5 7872
9 20 2317
7 6 9828
20 14 195
5 16 7987
9 11 4522
5 7 7950
1 3 7528
17 1 2710
4 2 6381
13 17 3734
20 8 969
9 20 5784
5 16 9039
12 13 5873
5 2 3908
10 18 5583
7 16 2947
2 20 4013
19 5 1710
9 16 6669
12 19 5383
12 16 3105
15 17 1711
13 19 8883
2 11 1814
13 17 2606
19 9 5275
6 4 3797
17 3 8058
3 2 4551
3 15 8454
6 7 988
11 14 1593
10 12 8714
16 14 5897
10 13 1676
2 15 2535
1 3 6272
13 1 2676
12 15 3068
8 3 3627
8 17 1782
10 18 6805
18 6 2083
3 12 2915
12 8 287
16 10 3468
8 15 5971
13 12 1879
17 11 1654
5 20 1127
19 8 4295
3 1 9382
14 10 6901
2 12 2654
3 2 6069
18 20 4507
2 5 3475
19 13 2802
17 16 9364
18 10 4664
1 5 9695
6 11 8547
4 15 9969
12 14 8480
5 2 6100
15 2 4453
18 7 9339
2 17 8924
5 18 2348
18 4 1208
11 5 6717
19 6 2633
9 19 3678
4 14 2409
7 9 2814
2 3 4458
17 13 7074
17 5 5032
1 8 8766
10 4 7616
20 10 2745
15 4 5466
15 1 4069
2 20 5692
13 12 9351
20 14 3210
20 10 2003
13 20 3983
12 4 9527
5 20 4139
1 8 6616
16 2 5067
16 1 8769
7 16 7518
2 15 7987
6 4 558
2 10 8626
4 14 8247
6 18 7036
11 4 4802
17 2 5845
16 20 881
19 15 3402
3 20 1209
15 9 772
12 19 1012
19 11 6014
14 16 7360
16 20 3632
16 3 657
2 12 1761
11 7 5274
5 19 5742
14 3 1378
9 5 9227
6 10 4676
2 10 3223
6 4 2255
20 14 4924
13 9 9665
9 19 3192
8 4 2051
1 2 180
6 5 4892
12 8 9329
17 3 619
14 10 2612
12 19 8974
5 6 1997
11 17 2493
5 1 4338
13 6 6264
13 12 5217
13 11 3490
5 20 59
3 5 1090
9 13 1759
16 2 4422
9 12 5849
13 18 4197
9 4 3590
5 11 2062
15 18 3157
14 18 907
2 18 3349
8 9 2989
11 9 460
6 10 5240
11 1 2084
10 4 4180
7 13 9698
7 5 6551
14 1 9938
17 18 1261
9 15 1272
19 6 8372
4 2 5486
12 20 5142
4 13 4461
10 5 397
11 12 3349
18 13 5197
16 19 5174
19 4 4262
19 1 4094
19 4 3903
15 7 6365
18 7 6849
5 7 776
4 14 2432
11 12 3483
7 3 4330
3 5 7102
3 2 2922
12 13 5367
14 12 1332
12 20 1873
10 13 3974
12 17 1259
3 6 117
4 7 4019
20 15 4475
2 14 346
17 8 8177
11 4 2819
14 16 5417
15 13 9746
17 19 2633
6 16 3069
15 10 612
15 11 8881
11 12 8657
14 3 8605
14 15 8753
9 18 890
15 12 596
16 17 8888
11 15 4050
5 3 8021
10 17 7912
18 4 3370
3 19 1552
3 11 9272
16 17 7745
2 11 7198
13 9 3949
16 20 714
3 10 2499
7 20 837
6 15 1884
4 6 5278
16 13 7328
15 7 3149
1 12 8321
4 11 8097
18 7 105
14 6 4390
8 16 4790
18 15 4121
15 17 7323
19 6 3268
3 12 5809
5 3 6552
8 4 3613
10 15 3258
10 18 924
14 4 4374
9 5 5071
7 2 3521
2 11 3697
14 3 3513
11 5 1727
2 6 6048
15 11 1367
17 15 9105
11 6 7389
7 12 577
17 18 1713
16 2 8219
6 8 6619
18 9 3433
7 11 5518
10 8 1089
7 2 8363
15 4 1694
16 3 2126
1 3 9298
7 11 7478
13 9 6793
18 16 378
6 8 6651
9 19 3012
2 19 6445
11 13 9820
5 9 8684
13 16 9966
5 14 1415
9 3 6403
4 2 7149
9 4 3891
3 1 5673
5 11 9444
4 5 6591
20 2 8589
20 13 262
12 6 5424
9 12 6258
9 17 274
18 20 236
12 15 9049
4 2 618
6 7 1243
8 17 3124
13 19 7586
1 6 8943
14 19 5781
16 7 138
7 3 3290
5 3 6632
14 1 8585
15 13 2078
3 5 8935
18 5 8264
11 8 6732
9 2 4438
17 13 8515
14 19 2115
16 20 7174
8 9 463
5 17 9740
16 5 1496
16 1 8950
15 17 6039
11 4 3026
19 3 1590
2 8 5544
14 6 5591
16 6 8786
12 9 2945
15 17 6780
10 1 3856
4 16 5752
11 10 4636
2 11 122
16 17 9039
15 20 997
1 12 4060
7 15 6539
20 6 8797
19 15 7578
11 5 7638
17 20 3080
13 4 1812
11 15 5717
2 11 2541
19 1 6557
16 4 5816
17 2 254
17 13 6546
10 20 5408
20 16 9028
14 16 8004
15 3 3407
6 19 3504
14 13 3796
9 16 151
4 18 8936
8 6 4022
10 18 1346
5 7 2216
14 13 2466
8 5 9272
16 19 2503
14 6 726
11 2 8277
19 5 9956
1 7 1848
2 19 8694
18 3 8347
9 2 4832
17 15 174
13 20 3306
4 7 1592
5 18 7158
3 2 7038
5 6 9393
8 15 3405
9 13 8502
11 9 5057
12 17 866
19 2 8612
4 16 9695
9 19 7545
13 18 4484
9 6 1831
1 19 2810
4 1 3439
19 6 9284
20 15 7840
2 16 3643
17 5 2813
17 2 2589
3 14 4410
17 10 1213
3 13 6419
15 2 2096
8 18 8441
11 15 346
9 7 6095
7 16 4279
8 12 1033
7 19 9783
16 4 2533
4 15 5828
5 20 683
7 1 9607
18 2 5581
6 5 2422
14 5 106
12 16 5894
10 9 2887
4 15 9429
19 12 5359
3 11 2643
5 14 6244
8 5 4892
17 2 7084
2 12 7840
20 3 4206
5 15 7806
12 16 2515
11 14 592
6 7 3553
20 2 4374
12 4 1576
20 19 4342
1 11 3698
15 14 7472
15 9 1711
12 2 2964
10 16 9456
4 10 6608
15 14 2972
8 11 7216
5 13 2708
18 4 5466
10 15 8279
14 20 3706
14 12 10
2 6 2962
20 12 6272
6 20 5357
20 19 2151
9 14 721
9 14 7619
13 18 5230
13 3 7642
15 13 2101
2 13 4689
18 12 3402
4 11 1476
20 8 8329
13 3 9372
7 10 438
3 2 7614
6 1 9369
1 16 2469
6 1 6699
14 18 8838
7 9 4233
20 18 240
4 9 8524
3 6 4902
12 5 5390
12 15 9018
8 13 9735
2 14 3023
20 8 1847
16 8 3663
17 3 7128
16 19 1735
2 19 2932
12 14 2451
19 20 6942
10 7 2219
2 10 9786
8 10 6485
10 16 5052
1 7 1365
3 4 8964
10 19 1912
6 19 5957
4 20 5270
11 1 5347
13 9 7682
9 18 3189
2 20 9230
20 5 9773
1 5 7737
6 19 5433
3 4 6524
17 13 8025
13 3 5020
13 2 4432
7 6 1287
5 16 596
20 12 3079
11 8 9351
11 8 991
13 4 2149
7 9 5561
17 18 2860
9 14 5372
15 19 3217
6 11 2797
7 18 5061
2 17 6430
6 14 942
7 19 1898
8 2 6926
4 19 725
19 13 3085
15 5 3550
17 13 9896
3 11 3671
19 14 7153
14 7 6077
18 11 2130
3 19 5365
5 17 1633
11 15 40
2 8 3717
2 4 4155
10 20 3486
13 20 7358
13 2 7376
10 18 650
6 15 5557
16 8 980
14 16 2760
19 10 933
14 12 2003
6 5 8490
7 5 1063
6 19 3261
2 17 1154
5 9 6756
14 12 3898
20 1 4670
15 16 5735
13 10 5663
10 20 2740
19 18 6999
7 19 9218
10 15 1119
3 15 4377
6 12 9371
15 17 2087
14 19 3574
9 14 5506
3 8 607
15 11 5692
14 10 3148
10 4 8468
15 16 9967
14 4 8877
16 7 4070
8 4 8108
18 4 5156
8 10 7729
6 12 6522
9 14 2739
8 5 9027
20 15 4392
2 14 4854
1 11 4262
16 2 5999
14 5 9391
4 2 5482
8 5 3336
18 5 8300
14 8 1626
12 16 7237
10 3 3664
8 20 6101
11 18 2551
4 18 9870
2 12 9596
2 20 7317
14 10 1775
12 17 6927
16 6 7247
12 17 6168
19 17 504
4 20 2427
13 11 8047
10 1 3675
8 7 2166
3 7 6495
2 5 5337
8 18 2223
9 18 6643
8 3 892
15 8 9126
15 13 5199
8 4 5370
18 6 4065
18 16 5368
10 9 5495
14 13 1779
6 17 1478
7 14 7763
8 16 6771
6 16 5001
19 3 8815
16 9 2046
18 9 71
1 5 380
11 12 8481
13 3 439
6 12 8434
10 11 3687
10 9 2964
10 7 760
4 12 4882
13 3 3632
18 16 3147
19 2 1692
15 12 7238
10 4 6625
15 10 1462
15 17 1648
2 12 2389
19 17 3289
15 13 3956
19 4 4266
10 14 6929
20 2 403
2 15 5017
5 1 5372
7 1 4378
6 2 3587
15 19 9619
20 1 1317
7 2 4404
17 8 4146
3 17 4780
16 7 6668
4 13 8616
10 9 4576
14 20 1615
18 13 3901
8 5 2907
15 19 4075
10 13 4606
12 17 5094
13 9 6569
2 7 7029
15 18 1844
17 14 4460
19 3 9534
15 20 4157
10 4 1238
15 20 4956
10 5 4335
20 1 6666
15 18 2684
6 3 9452
5 15 368
5 8 4257
18 17 4374
20 19 2193
16 1 736
20 19 6959
16 6 8855
18 11 6456
8 4 1450
15 1 2935
8 3 3028
10 3 3564
7 14 9326
7 1 20
4 6 3128
20 2 613
2 4 1427
12 3 2542
8 9 8189
11 17 7607
17 15 4918
3 9 921
20 9 6126
11 1 8222
11 19 2695
7 11 3962
14 15 6162
15 16 9475
8 5 2411
5 11 9671
14 20 1468
7 5 1003
11 17 7059
2 6 3023
16 4 3171
2 19 3509
16 12 1097
17 16 812
14 8 9794
19 9 4974
9 8 1076
19 2 4289
6 7 4690
16 6 7878
19 8 4719
5 1 876
14 13 7537
20 6 9077
9 3 8537
10 9 6159
2 18 4096
10 7 8261
6 14 1081
16 6 9243
20 17 6559
18 14 6169
1 20 1752
3 5 6242
14 10 7385
12 1 1087
18 17 3416
4 11 2113
4 16 6564
3 9 8473
1 12 1746
20 15 3496
13 3 8094
15 4 6352
14 12 8271
3 8 688
5 10 4805
20 15 9705
1 5 7820
17 9 9144
20 19 5131
19 8 5791
4 13 9721
6 19 4251
8 6 4253
1 6 1319
5 3 2974
12 10 5485
13 9 2511
8 3 8748
15 7 733
19 17 2924
13 11 4834
15 14 8565
4 19 2789
6 20 5699
8 13 1358
2 15 5826
6 1 5801
2 10 7160
9 1 1852
20 15 7617
6 11 2147
18 5 2886
3 18 5204
13 9 7224
17 13 3037
16 4 2623
13 12 1335
8 7 7409
17 12 59
20 14 8743
19 5 1832
1 2 6980
18 10 3080
18 5 2000
19 9 254
9 19 7886
7 16 2848
4 6 7159
16 6 2987
6 15 4722
5 17 3344
15 6 4427
17 11 7866
6 11 4754
5 7 4543
18 1 2258
6 15 2858
14 13 8313
1 5 6075
11 3 2346
8 4 7277
12 10 2241
16 6 9332
13 10 3921
1 14 1311
19 5 1823
9 12 2697
11 13 9844
3 17 2679
15 10 6878
13 3 2890
19 4 4429
1 6 3453
18 5 1396
7 1 8172
11 15 428
4 6 3296
9 18 4085
6 12 2703
8 16 2931
13 7 8764
4 18 9981
12 1 3697
1 20 3086
18 5 3197
3 13 5688
4 20 912
14 10 3292
1 13 1765
18 16 1868
6 1 7607
18 11 7873
1 8 1436
15 19 9761
14 18 8811
14 10 2987
18 16 7599
5 20 2436
3 13 1584
13 10 5628
4 16 2031
8 5 8479
19 15 8377
9 20 590
14 19 4087
3 6 7855
16 5 1107
11 18 4848
5 1 6604
20 8 3094
3 11 4020
13 1 5571
9 13 93
7 6 944
5 3 1509
11 14 6406
14 1 734
4 5 5151
2 10 3168
3 5 7589
2 9 5005
14 1 2544
4 20 8569
2 20 6250
4 11 7549
9 17 9976
5 18 9132
8 13 2439
16 11 4181
5 15 488
1 5 5974
12 2 3209
7 12 6839
18 2 9712
17 19 5907
5 8 686
14 12 7374
9 17 7635
14 5 6602
8 18 8126
3 17 1577
15 13 3934
18 12 517
16 6 9769
14 19 225
11 14 3884
9 6 7777
7 15 6132
20 13 9621
16 8 7327
16 4 6464
10 16 1492
13 17 763
12 19 3620
12 18 1319
2 17 987
6 16 968
6 20 3067
17 6 7997
7 4 17
9 10 5267
2 3 663
14 11 7314
16 19 7854
6 13 7504
12 14 6078
4 13 2524
3 18 273
3 14 6039
15 3 6205
3 17 1853
8 4 8596
8 13 3281
1 2 7164
4 9 1738
1 9 4782
7 1 8293
15 20 7539
13 4 2805
7 3 9739
1 20 6815
5 10 6158
11 16 4742
4 16 9694
19 3 4071
2 20 8214
6 3 1958
5 7 3399
16 19 6628
1 7 7727
9 11 9257
10 17 54
1 2 5694
7 11 1375
1 5 799
2 6 7004
12 19 9654
4 6 5874
18 11 4105
19 11 772
19 7 6694
8 3 7407
4 10 9628
7 18 197
5 7 3975
14 7 9128
3 6 1654
17 15 7653
3 9 1990
2 6 6228
5 17 4899
18 13 7038
16 9 453
14 20 2526
3 6 3007
19 8 6913
17 10 4819
18 19 3162
10 5 733
14 19 7267
6 3 2544
11 12 8035
13 19 3351
16 18 350
6 13 4630
17 16 137
6 7 907
5 14 8362
6 18 4827
20 19 1919
4 8 8757
1 5 7282
16 1 2024
6 12 246
17 19 2939
1 19 3201
1 4 4088
4 15 9540
3 4 6573
4 9 4510
1 3 2461
18 14 2051
15 11 2044
18 7 9561
2 10 3957
2 18 1491
5 10 9898
17 8 9948
2 6 8256
13 5 4570
15 9 7747
5 15 3728
3 4 2302
4 12 9341
18 14 6151
7 18 4200
8 2 5000
19 11 2733
13 16 8367
2 1 4789
2 14 1656
20 16 6207
15 8 9407
6 16 2468
8 14 2593
8 18 2188
3 2 7001
16 10 8538
2 7 9660
1 3 2405
20 6 3127
18 15 1665
3 18 3244
2 18 4377
18 15 7301
17 20 5123
14 10 1065
1 7 8468
20 6 6603
13 8 2990
8 10 8305
10 14 436
11 9 7681
9 11 6573
3 1 1050
16 5 946
8 13 6208
5 1 3272
19 17 8118
9 1 6089
6 1 3212
1 12 2443
12 19 2764
5 14 1478
13 14 7840
19 12 298
1 4 2518
15 1 4836
4 6 3293
9 3 3282
20 7 667
9 4 6157
17 1 4521
8 20 9387
7 9 4027
16 13 2178
20 7 3882
6 12 3196
20 17 3482
16 8 6822
16 20 5554
12 1 5401
5 15 661
4 6 391
8 7 8829
20 14 142
8 20 6023
19 10 22
12 1 8379
4 10 960
13 17 470
7 11 9670
15 7 8442
16 3 9152
10 15 5966
9 5 7010
7 6 7952
15 9 2077
11 12 7104
10 9 8268
16 15 4446
15 7 1723
17 6 1971
8 6 1742
6 18 4009
7 20 4890
1 4 8998
10 13 546
4 17 1444
12 8 8062
10 1 7374
15 13 6802
1 4 4139
19 9 4491
18 9 4873
15 5 1373
13 15 5806
7 20 1300
6 4 5318
10 3 8980
13 19 1910
17 5 7025
5 7 7902
9 7 4065
8 4 1778
12 8 2121
17 2 1716
16 17 3142
5 13 2497
17 12 1557
1 20 5680
4 20 2715
3 14 9430
1 11 4191
3 5 1614
5 8 1860
7 3 5850
7 16 5789
19 13 9823
16 15 9013
12 11 1161
19 20 8520
15 4 6063
11 8 6203
19 11 9731
10 16 5090
4 20 6072
15 5 8349
18 14 8879
19 3 207
15 19 4983
19 18 3062
13 14 6656
13 6 2214
19 7 9409
7 4 9750
4 11 1852
16 5 420
7 10 3412
8 9 6711
1 10 8539
14 8 4950
11 9 9996
18 9 4385
7 17 7889
9 13 9347
19 7 7116
18 16 5133
14 8 4828
15 12 6795
5 2 6504
9 17 3882
9 20 1293
1 12 803
5 16 2291
18 9 7410
10 7 3382
17 20 2733
20 18 2798
2 9 8843
14 11 4791
3 17 6584
4 3 5664
18 6 7971
3 20 319
10 3 8468
10 9 2135
15 4 4558
18 1 1660
18 2 1729
15 4 3963
6 20 9643
17 20 9686
4 8 951
2 1 3230
18 20 8897
16 8 8481
15 1 4809
8 10 4238
2 18 1231
8 14 395
6 20 1144
14 6 2564
13 19 173
4 13 6332
12 16 3880
20 19 3308
20 11 7528
8 2 2489
6 13 286
7 14 7977
6 16 9534
1 19 4313
13 19 8433
13 15 1250
11 10 8289
9 3 8589
3 7 6244
10 8 8852
18 15 1792
8 17 9056
15 11 2560
17 20 4222
19 1 6970
10 17 2294
16 1 5213
4 14 5393
14 2 8720
1 6 7070
17 18 9257
9 15 4072
3 16 2808
19 5 8074
5 16 630
10 15 5392
17 4 5455
19 6 7200
10 17 2508
20 15 1677
18 16 9476
3 13 3874
19 18 7577
7 9 814
6 13 1323
4 8 966
10 7 463
6 8 8646
6 16 9491
11 17 3910
5 12 9440
20 8 3124
4 20 2792
6 19 5813
15 4 9107
3 14 5584
5 1 2302
9 15 2827
13 2 1823
5 10 93
9 14 8842
5 10 1736
14 9 3168
10 19 488
15 16 1743
9 4 583
4 17 4248
18 10 2438
4 11 3410
3 8 1269
13 8 2375
13 17 2778
12 18 6696
4 9 9169
6 4 9500
19 11 4944
2 12 1676
7 2 6378
15 4 8641
17 1 3274
14 19 2087
7 14 384
14 18 8047
9 17 2694
11 15 545
16 9 9346
9 14 7225
2 3 9259
11 10 1443
11 15 7008
18 14 9619
11 15 408
1 9 4589
1 2 2888
14 2 3220
16 15 1828
4 9 1488
10 16 5234
13 6 1415
1 11 2504
4 9 7300
16 6 2421
11 13 6158
7 16 8867
17 4 843
10 3 9395
19 14 1158
14 19 1409
8 2 7206
10 6 6158
4 7 348
1 16 2228
9 20 4156
15 3 5002
19 15 324
6 16 1624
11 2 6300
1 9 8632
16 11 3934
9 19 4315
7 5 382
8 12 2740
12 20 3886
5 2 8053
14 19 3977
8 5 3636
20 18 5399
1 15 8953
6 19 1989
10 19 1344
2 3 375
9 8 3161
1 11 4763
1 14 2728
5 4 3574
19 16 3044
4 15 7786
9 13 7092
5 18 4693
20 10 3274
14 3 5654
2 17 4052
4 12 1997
11 6 9392
11 20 7170
11 7 4602
4 3 3316
16 17 2819
13 4 6622
20 14 6488
10 15 1186
17 20 9107
2 8 7089
19 1 1213
20 10 2960
19 11 1555
9 11 3886
10 9 6456
10 11 3630
20 19 8585
18 20 4007
6 15 4538
17 19 4581
16 9 2816
13 6 8245
14 11 7276
4 20 5084
9 8 4253
15 9 1941
2 3 6372
5 10 8308
18 4 5164
2 9 4250
15 10 1371
2 19 7947
11 15 5852
3 14 9963
18 1 5158
1 19 4355
12 18 348
5 10 2576
15 17 8891
6 13 3806
18 4 4367
10 13 6857
1 18 2230
5 13 4395
16 1 1055
18 11 6866
13 10 8033
18 20 1048
11 6 482
4 3 939
16 6 2697
3 16 2397
10 12 2422
3 12 9961
7 15 2411
1 17 1396
5 9 1445
6 10 4535
12 16 2369
8 10 4775
15 7 2397
20 4 2396
20 12 2066
16 9 320
4 19 3662
16 1 8388
4 14 3562
15 9 6804
13 14 5745
14 9 7272
4 14 2856
11 18 5026
18 5 4668
13 3 776
17 6 6616
17 9 8516
18 19 3647
7 8 5074
4 2 6376
13 11 1155
7 11 4200
18 20 2969
7 13 3675
12 10 1219
11 4 3882
3 5 8097
14 8 835
6 9 2138
14 1 3580
19 9 5481
10 13 3822
4 16 7935
14 8 4250
6 17 2850
20 3 9052
7 2 1113
11 14 2951
8 7 3193
15 8 6329
9 8 9215
8 15 305
19 4 9955
20 8 9505
19 7 3098
8 18 4866
2 10 8631
6 7 4890
6 10 4576
5 18 2877
10 14 5298
18 4 6922
1 5 7322
6 9 704
1 3 9406
17 9 4210
2 19 3249
15 9 8255
15 8 8113
7 3 4410
16 12 3604
12 17 3391
1 10 2804
17 5 3822
10 20 2941
18 3 5266
14 1 4419
14 5 5528
10 8 3155
4 15 7063
17 12 147
17 9 8625
14 17 2466
17 19 9758
3 20 9958
19 11 2613
6 4 4851
9 10 3844
4 2 7326
18 12 7331
5 3 4661
5 15 4290
15 1 8304
11 5 5219
6 20 806
18 12 4630
4 20 9989
20 19 9511
2 18 2725
13 2 6524
7 16 9247
16 15 4738
15 10 4210
14 16 5
1 3 2586
13 20 2355
19 4 2793
9 15 8120
2 9 7900
16 20 8232
19 3 1206
18 4 5586
8 2 2864
18 8 7048
7 5 8537
3 18 8181
6 10 4376
4 13 5882
2 12 9832
6 15 3494
7 14 6380
3 6 9534
3 7 8213
15 8 1670
15 3 9222
10 7 1600
15 14 8005
2 13 8637
7 16 2611
19 15 1881
19 8 6709
4 2 370
9 11 3718
9 14 9750
13 3 9549
3 15 2092
19 2 8153
5 1 8416
1 8 722
3 14 744
11 6 7584
13 15 3412
17 13 4313
2 18 8477
4 16 1981
11 8 2392
8 4 1871
4 18 4149
3 16 6434
1 15 7572
11 7 887
12 14 4489
15 13 597
20 11 2598
11 1 3529
10 9 8095
4 8 3236
11 15 4457
8 20 7598
8 17 5741
3 18 153
13 1 5752
3 20 9923
17 4 3124
16 15 5014
20 4 9263
12 8 3609
4 9 6481
8 13 3627
6 18 5359
16 3 570
9 10 5790
11 3 1103
14 17 6768
3 19 3368
18 1 8952
9 7 6397
12 13 1395
3 16 7496
8 7 3859
12 9 9770
20 5 3432
2 14 5376
18 11 6705
9 1 5853
9 14 2510
16 6 868
18 11 5822
6 9 2848
1 14 2964
18 1 3606
3 13 2161
4 6 3570
7 1 4616
6 17 2465
13 8 8738
16 20 6037
1 5 1496
14 9 8013
2 4 8714
13 19 2655
10 9 3847
5 17 4916
13 18 7262
5 6 5492
15 6 3524
12 18 706
11 2 6155
6 14 5317
18 20 9515
10 5 4015
4 6 3680
13 8 6454
4 12 3432
6 7 188
15 9 3901
14 17 1474
2 18 7344
16 9 7295
12 16 813
10 19 6959
13 11 4751
10 1 7150
15 16 5077
4 17 1570
7 16 9604
20 8 881
10 7 8355
2 3 7789
12 7 9826
2 7 6618
7 18 2857
5 11 7950
1 7 7874
10 9 1756
20 3 588
4 18 4557
4 3 644
3 1 3614
11 8 4821
6 3 9685
3 9 8401
15 1 1985
15 3 4016
12 1 8546
13 17 2723
14 13 2836
19 6 7779
15 7 4585
19 3 5290
19 6 1277
14 10 2439
7 10 8156
20 16 509
17 7 2288
12 18 7058
9 19 729
19 3 704
3 2 2252
15 1 1634
8 15 1805
14 18 5845
13 6 2190
4 17 6427
10 12 9839
9 18 839
3 15 3666
4 5 4165
11 2 903
15 19 3235
6 2 7299
3 7 9575
2 15 2034
1 18 2007
12 19 6559
17 2 9570
20 5 1433
7 15 7127
14 3 5403
19 15 5923
10 3 7716
14 5 2212
8 20 8604
11 18 6811
8 18 6978
20 7 2920
7 6 874
7 6 3182
4 8 7285
11 14 3441
1 3 2834
6 11 6072
16 18 5920
17 8 4075
10 6 5660
19 14 4681
17 9 6806
4 7 8002
15 6 2937
13 12 753
12 2 2961
19 11 2910
13 2 2024
4 20 4403
18 13 6845
13 15 1673
12 11 8929
17 13 937
20 13 2061
9 20 228
11 13 5423
11 14 4244
19 16 561
6 3 5948
18 9 8014
17 9 5211
3 10 1456
14 20 7969
19 5 4805
17 8 2401
8 20 669
18 10 6099
14 4 5676
3 12 4397
7 3 6391
11 6 6226
6 18 5700
19 9 5339
17 13 2273
5 17 4604
11 4 4006
12 17 4834
3 6 8318
16 10 7621
7 12 8126
11 16 9333
5 9 8654
17 18 739
20 10 7078
19 13 6977
12 16 9162
3 10 2347
9 5 9898
20 6 2956
5 3 9988
16 13 8280
18 14 6972
13 11 8596
19 9 1571
8 18 2
20 14 8845
8 7 9480
19 5 6773
13 20 2506
19 9 9542
4 3 2298
16 7 846
15 5 8656
17 9 6500
11 6 9872
4 12 4107
19 17 9105
13 4 3922
9 19 6721
4 11 6383
19 2 3069
5 8 7398
3 13 9176
8 2 5456
13 14 3253
5 18 2539
13 14 345
12 6 706
8 14 6858
7 8 9438
17 3 2448
14 6 1239
16 8 8662
6 18 8196
9 6 8765
17 18 4641
8 6 6408
9 17 5954
19 6 7250
13 6 8620
20 5 657
5 13 10
7 16 6710
17 1 670
17 15 9056
13 2 1510
11 9 49
5 6 8827
15 3 4062
9 20 3654
5 7 7303
16 14 4650
16 15 409
5 14 7209
4 1 4689
20 5 3354
6 11 5026
7 5 8973
18 17 351
12 5 7138
3 9 950
8 10 6598
5 13 766
15 7 6922
4 8 6254
18 17 336
8 16 26
18 3 2892
15 20 7477
3 1 4484
12 6 4979
7 5 3802
9 16 4029
20 15 9900
2 18 8352
18 15 1422
15 1 273
20 14 8486
20 11 69
20 17 8740
1 15 794
16 12 394
3 6 228
12 19 888
7 17 4209
11 6 6892
8 9 293
17 2 6806
11 12 3226
5 4 3209
17 15 2501
11 5 6606
20 19 5620
3 16 474
17 10 6394
17 3 8418
13 8 1855
17 7 7056
18 2 7414
4 6 665
12 14 8346
10 16 9289
5 16 1858
7 6 9782
18 2 5308
15 17 4362
8 13 5503
3 17 5059
13 7 5490
13 3 3931
3 9 9360
6 20 3267
4 12 7677
2 19 2036
5 13 3148
8 9 5080
13 17 9947
12 18 1066
15 5 5592
14 10 3850
2 4 7113
13 6 5112
11 20 1941
2 11 739
20 14 5268
7 9 2050
6 4 2653
2 17 1024
5 13 4458
15 6 420
19 14 5601
2 4 8066
17 6 8999
1 19 7597
17 15 4223
11 12 5362
8 20 40
11 20 8204
11 12 4384
16 10 8541
10 3 5278
17 4 9071
14 10 5189
12 2 7707
18 6 8261
6 18 474
3 10 329
18 2 677
6 16 2712
7 4 729
17 9 3386
7 10 9140
14 12 3841
9 18 837
4 13 54
9 8 8217
12 14 8146
11 6 8600
12 7 853
20 9 6704
5 20 4278
11 17 5232
7 20 4891
9 13 7668
6 9 3877
17 6 5414
14 7 2427
3 19 7312
5 10 8635
17 19 9787
9 1 827
1 18 4730
17 7 9702
5 3 1831
17 6 8539
5 2 1791
4 17 9905
2 6 4801
10 2 9252
9 14 7662
6 2 1765
12 2 3804
20 3 5616
7 10 2295
2 4 73
16 2 392
3 13 9774
2 20 431
4 16 878
9 17 6068
17 19 691
7 16 4314
6 10 7676
10 20 7380
12 13 3856
18 6 5110
3 10 8891
5 18 9606
4 18 5927
1 19 5273
18 15 3425
4 2 3044
10 18 1755
2 11 7466
7 14 3103
16 9 2040
7 8 3787
15 14 48
18 16 1899
14 13 5507
6 9 4573
10 6 1613
3 4 8908
1 5 3068
12 8 2299
6 4 3063
9 2 8969
9 8 9608
20 5 687
4 9 8028
3 6 4942
14 15 3709
3 17 4350
19 14 4995
20 12 1908
8 2 8006
2 19 4247
13 3 8322
11 7 7535
9 1 5254
9 12 4585
18 16 7299
12 17 7556
1 19 733
2 19 3239
10 6 6757
1 16 8737
4 13 7723
17 3 7292
2 4 1172
16 18 4235
1 4 695
3 1 2108
4 18 6200
10 2 3655
2 12 4286
11 1 640
15 14 3438
6 18 8328
3 14 1196
5 9 2705
13 16 2072
6 8 8980
4 16 9168
19 11 6487
6 4 1709
13 18 3170
3 8 7340
13 1 6844
11 3 8937
17 14 9086
18 3 1525
12 9 7406
4 17 9332
11 14 1030
19 13 405
4 6 3412
8 18 8988
4 3 8416
16 20 667
18 2 6425
17 7 2445
13 19 898
14 17 2728
18 13 158
1 15 1422
4 12 743
9 11 9956
17 11 1749
15 13 1272
20 2 2627
17 5 3794
2 14 2685
19 8 4521
14 5 4018
9 7 7821
4 14 4326
12 10 7738
14 4 8247
4 11 4189
11 9 6293
13 20 3347
10 18 4453
16 5 5910
4 17 8255
17 6 9485
13 14 2017
16 10 5125
14 15 6046
15 19 9184
8 9 23
2 4 5106
6 14 7769
19 7 9133
20 15 8056
12 1 7279
18 2 6822
8 18 8372
2 7 3343
6 3 5214
5 17 9166
3 19 2888
15 8 4259
11 1 3318
4 17 9017
10 14 4424
19 11 7583
4 17 7297
13 8 7718
15 4 3982
16 1 7632
20 12 2999
10 17 2793
3 12 7995
19 16 8182
20 7 637
12 11 4693
4 5 9891
16 1 7608
14 5 3700
19 11 3241
5 11 8604
11 4 6167
7 11 1409
6 3 8736
3 9 7116
5 12 3716
18 2 2905
8 10 664
20 11 2541
18 1 118
3 10 9911
7 16 4615
20 2 8185
20 3 8515
2 3 7002
2 18 3053
11 16 3136
6 2 4848
2 10 3197
20 11 3477
8 14 8710
19 1 328
10 1 6482
15 12 5740
13 3 2287
15 19 3385
5 7 4844
9 14 4034
10 12 3452
10 20 9348
7 15 5679
14 12 7166
9 2 986
10 5 8891
7 19 3370
14 8 2581
8 5 6878
15 11 5165
18 12 3568
2 6 2136
3 5 2822
5 7 1173
10 6 9862
15 12 8605
5 1 3114
11 5 4448
6 5 1763
13 17 8840
3 16 3905
12 9 3911
3 5 9764
1 8 6108
15 4 6208
19 17 483
6 1 9681
12 19 3542
1 14 9916
1 4 8342
13 11 8461
19 15 1484
18 14 7601
9 4 8946
1 12 327
18 11 1748
1 16 5875
8 3 7781
6 19 3833
11 14 3781
15 10 3746
3 16 5489
20 13 2355
16 18 7660
12 7 2895
6 15 258
13 16 6206
14 2 2733
20 6 1198
9 18 894
5 14 230
12 2 9710
6 17 6688
9 13 650
4 19 1204
18 4 4580
14 12 4702
20 11 5153
4 13 3230
15 12 3353
12 8 1588
11 8 5828
14 1 1583
9 1 227
1 16 9763
1 14 1905
6 14 1685
20 10 5732
18 13 788
4 5 4100
3 14 3055
13 3 5953
6 18 109
11 7 111
13 3 4258
14 19 1795
12 14 8244
9 16 3322
13 3 7040
14 10 2336
11 17 8055
16 2 9049
2 19 5367
10 19 4169
13 9 9207
2 18 3216
17 12 9994
7 3 5520
6 17 8856
13 16 3048
14 7 9362
18 4 2144
18 7 4554
17 20 6367
16 14 5026
1 8 5627
18 14 115
9 13 3826
17 12 5740
7 10 2291
8 19 1252
13 3 3595
6 10 5975
1 9 4472
5 19 7320
14 13 9177
6 3 5757
4 3 4788
5 12 6988
4 18 9970
2 20 3606
14 1 7929
17 8 6754
16 20 4970
13 4 70
4 8 2454
20 14 739
10 5 2002
4 17 7478
13 7 7597
12 15 2696
10 19 2443
4 5 9548
10 13 2278
2 13 2055
18 20 4062
17 12 469
10 3 3599
14 3 6012
2 6 6650
13 15 9298
20 18 7417
16 1 5039
17 12 1902
1 4 1377
16 2 1409
20 4 528
19 14 5137
11 5 7762
6 10 6685
13 7 9706
5 16 60
20 11 9547
12 3 2270
7 13 472
2 14 3240
10 5 1217
10 15 2091
14 3 8608
10 19 4551
12 19 1577
1 10 1940
6 15 2976
7 17 7730
16 10 4939
18 1 1090
10 6 6421
14 10 6032
8 4 4043
15 19 256
8 1 1184
4 17 124
18 13 3175
5 4 9579
8 14 2679
11 17 1124
13 10 383
7 12 1273
17 9 731
6 11 1041
12 1 23
9 4 7851
16 11 3102
13 7 1099
14 20 8366
1 19 9939
7 3 6195
8 16 1353
11 6 4124
14 10 5221
12 18 1795
11 8 6298
13 6 7084
2 18 7438
10 4 5362
3 13 1558
9 12 5183
16 9 4389
1 4 3750
17 6 3234
11 13 1324
18 11 5204
5 1 3650
4 9 4917
13 9 6633
5 2 8950
16 13 9477
20 4 5278
8 2 810
11 4 5294
19 9 5271
2 3 7185
5 20 2893
5 17 3309
6 16 5526
10 13 3088
2 20 6535
15 16 7154
2 11 2501
20 6 9810
17 3 1584
17 19 4155
12 16 1563
19 2 9103
20 18 8978
11 5 5311
5 17 6615
10 16 474
16 6 6415
4 19 4969
10 15 1474
14 6 3598
18 9 8850
5 16 952
9 19 8351
2 7 7701
18 19 7892
20 5 4195
2 11 7280
14 18 1533
12 7 638
8 9 4941
4 14 4477
14 11 8504
13 14 1217
19 20 7947
5 3 5492
6 18 7686
20 1 6744
2 16 6520
10 2 8384
17 18 501
2 3 5321
5 6 6309
7 13 8762
14 15 8532
5 9 8078
13 9 1281
4 19 5040
14 15 5243
8 11 7783
12 15 1276
12 18 3705
12 2 858
19 14 3773
3 7 6330
6 10 1412
6 5 5970
20 18 8885
19 9 8698
18 13 9892
15 2 8215
9 18 1433
14 1 692
2 10 3229
1 9 3379
8 3 4800
11 16 8419
20 11 3314
5 7 8195
10 4 7168
20 11 1167
13 17 1011
6 16 8799
9 12 8349
14 20 540
1 15 1785
7 4 145
19 16 2323
19 14 3330
2 18 9397
14 16 1179
12 11 6725
8 9 4917
4 2 856
14 1 2918
9 8 2565
3 12 5247
8 7 786
9 11 4778
10 2 2041
8 7 4333
20 6 508
12 4 4175
4 17 31
7 6 5129
2 20 7269
5 10 9056
5 19 3215
5 2 1101
18 16 9677
12 14 9652
15 2 9059
15 12 9634
13 2 580
12 3 7916
8 20 2948
15 19 9931
19 8 7296
1 7 759
13 6 4770
19 13 6356
18 9 1576
19 5 4590
17 18 993
7 2 1140
17 1 9499
2 20 5868
19 2 391
18 2 3450
8 20 6737
15 13 5417
6 14 7514
20 19 4081
18 4 6665
5 11 5377
14 20 2046
2 15 122
7 6 9568
19 17 3060
14 13 893
11 5 3926
14 11 8514
9 13 5290
10 1 3783
11 4 116
8 7 644
18 6 4612
8 9 4836
1 12 9721
7 8 3145
11 3 8690
19 9 3819
4 10 8433
7 14 5233
11 5 1528
5 20 9221
17 4 7480
9 14 2706
18 4 543
17 8 5712
19 11 8294
17 13 7719
4 3 3052
19 12 7507
7 1 9933
17 9 3466
5 2 2354
2 1 8676
6 17 5333
10 18 9009
9 5 8488
20 18 2188
15 13 2577
15 18 3321
17 9 4650
16 9 7382
19 9 3625
4 19 6903
5 19 9264
16 6 9195
7 13 2454
4 13 4583
17 3 7281
1 14 3902
19 9 9101
2 11 9771
14 13 3638
3 17 3911
20 8 4721
14 17 201
14 13 3685
1 17 6987
14 9 8503
15 7 3406
17 11 777
14 10 229
15 1 9397
1 4 254
13 9 2504
6 2 7790
3 6 712
5 10 5721
10 20 69
15 12 1723
5 7 5998
10 18 3756
13 18 9364
19 13 5168
3 5 3573
6 16 3307
9 13 9478
8 11 9882
10 6 6385
4 12 6851
5 17 4359
16 11 476
3 4 8951
9 1 5722
13 3 9268
8 17 866
17 11 9110
1 12 7054
7 10 3744
10 1 1604
13 12 9902
13 12 5709
15 7 2543
14 4 2119
6 15 8085
1 8 2436
8 17 6834
15 9 908
19 20 9550
12 1 2297
18 13 3569
2 17 6269
1 19 2629
8 3 4635
6 20 2885
10 19 621
11 8 6813
14 10 8639
7 14 6269
20 3 779
14 7 1562
18 12 8113
11 19 3586
15 2 3861
2 16 2135
2 20 798
6 13 3686
8 7 5409
15 13 7628
1 11 2941
13 8 2262
13 14 468
7 4 782
5 4 769
15 12 8564
8 3 5312
18 15 3061
9 16 6346
11 12 3721
1 10 8601
14 12 5239
15 7 4152
18 7 2222
19 9 1220
1 2 2357
7 15 2834
8 5 1439
18 12 3179
10 16 7138
7 14 4117
18 20 6355
13 8 8579
17 8 63
13 6 3083
16 13 9125
18 14 5210
15 18 9587
9 17 5004
20 4 3577
5 12 1741
11 17 3631
2 10 1904
4 3 722
14 8 8097
2 12 3132
19 13 9178
1 2 1835
7 16 4524
7 18 2260
3 16 9566
20 4 4894
3 2 910
13 7 5535
5 10 2044
10 9 4699
18 6 5803
1 7 2601
4 6 1538
16 15 1482
10 14 2328
16 2 60
1 5 2629
19 16 4388
14 8 294
12 18 2652
6 9 385
18 14 7918
14 5 8309
3 1 1646
15 19 6983
11 19 6222
15 7 3867
2 6 8756
11 18 4739
9 1 5696
6 3 109
18 13 1537
2 14 5332
5 10 2895
7 6 7371
14 13 7717
14 8 2321
17 4 305
17 11 4869
12 15 4560
17 2 4268
10 1 3118
20 1 31
4 20 9639
1 11 8157
10 12 8746
18 7 9923
14 5 646
6 9 6207
5 3 9081
3 12 6587
2 10 5968
3 10 9647
15 19 8853
2 15 4349
11 1 4101
17 20 406
18 9 2044
10 9 2577
3 19 7707
5 17 7843
15 19 744
8 13 4623
16 15 9056
17 15 5615
11 13 539
20 3 5435
15 12 6520
3 19 5494
4 5 9886
2 18 5844
16 5 180
15 6 4289
19 9 9662
10 6 742
10 4 7844
17 6 4919
10 16 8808
4 7 3654
19 1 3842
2 15 9362
8 17 623
15 19 8624
5 4 4763
20 9 9251
11 9 8880
17 2 8040
11 15 7838
2 7 9864
10 1 4759
17 15 8130
3 15 1093
4 9 4450
18 16 8622
3 2 3196
18 19 2484
12 8 7299
10 13 4826
15 10 4925
18 17 2001
19 20 5376
18 5 2768
6 15 8823
1 17 5571
15 13 2419
7 17 4399
12 19 9702
6 17 8868
2 19 6369
20 12 9841
14 17 7575
14 4 1216
5 10 7686
1 5 4006
14 3 7099
13 5 7285
8 1 4981
19 20 8224
15 7 553
6 9 3632
4 2 2401
16 10 9456
16 20 4657
4 3 9365
9 7 8322
4 1 3415
2 9 7218
18 9 3835
9 3 1590
18 14 3506
3 15 2799
16 20 656
19 3 6457
10 9 2395
1 13 5620
10 8 3049
9 13 8334
7 5 8959
9 8 4176
13 4 6887
4 5 2839
1 11 7699
17 16 3904
2 10 1845
16 10 9687
18 9 9772
6 2 9149
17 8 4307
2 20 7714
7 8 1532
6 11 195
19 15 6029
19 13 4437
17 13 5620
7 15 8824
18 20 8180
12 15 4003
15 3 316
11 8 6410
2 18 1356
18 20 7187
10 3 9064
10 3 2509
5 14 6448
20 12 8323
8 2 4590
8 17 6754
8 5 9756
12 10 9395
19 11 1257
6 13 1082
8 17 9454
8 17 6460
2 19 6130
17 9 1050
6 18 9483
15 14 2330
8 14 8023
16 10 744
5 13 1433
6 10 3871
1 8 8910
12 13 7760
17 8 7989
17 2 606
3 6 9597
9 17 8092
20 16 4010
8 14 9596
3 10 7404
18 1 7560
18 5 8556
3 13 8790
16 10 456
2 16 8681
1 11 9652
10 1 4625
10 20 662
9 20 7120
4 5 6709
4 8 7755
7 8 4354
7 13 1548
19 8 3503
6 15 8994
3 12 4314
9 7 6487
14 11 7157
10 12 5112
11 9 5146
10 4 225
9 15 2485
19 20 6934
15 16 8089
19 2 7634
8 15 5312
5 2 3268
1 4 8230
9 3 1622
16 14 5159
20 14 52
2 12 3498
15 5 5276
19 2 5149
1 6 779
8 5 1385
6 2 8662
8 6 8930
11 7 4626
3 9 7256
5 11 4454
10 12 7497
18 15 1112
11 8 3542
14 1 5611
15 16 6859
13 8 2828
18 10 8267
15 3 5249
7 6 2823
13 20 85
6 13 6910
9 17 6243
14 17 554
13 7 7865
13 17 2870
2 8 381
4 3 7307
6 5 3820
1 17 2128
14 6 2744
18 12 4091
5 3 8885
18 19 4354
11 8 2336
15 8 7229
6 4 973
12 7 6971
20 4 8725
16 6 7868
5 13 6008
12 14 644
2 6 4651
15 6 4331
5 2 689
18 17 1861
19 8 104
3 12 2126
4 17 8013
2 10 1975
8 7 6881
20 2 5569
14 6 7964
4 9 6769
5 11 8955
19 18 9769
1 15 7970
14 15 786
10 6 4861
9 4 6429
19 1 8168
19 20 5516
17 3 1912
8 5 7585
20 17 9090
4 13 6774
11 12 3509
18 2 9241
5 7 112
13 4 8639
2 18 7680
11 6 1399
18 20 1188
3 15 9220
17 5 2121
3 6 858
3 6 1126
4 15 6768
6 18 1989
20 9 5655
4 8 4298
8 13 4358
16 17 6375
7 19 4772
5 11 5197
7 14 7984
4 18 9233
7 3 7433
8 15 2482
12 10 3172
9 16 6681
11 20 6580
10 11 9857
11 18 5771
15 12 8156
6 8 6320
12 7 3721
8 10 129
1 14 7348
14 11 9605
18 12 3801
7 18 4348
9 2 5130
17 2 9614
1 4 5523
4 14 1084
11 4 139
8 20 1724
20 1 2380
4 7 1190
1 6 2891
6 5 5693
1 15 9844
6 15 6592
1 17 3099
4 16 2172
5 17 8089
10 7 5691
13 10 6698
13 9 407
1 9 6219
6 14 2244
8 18 3596
20 14 5091
19 8 14
17 15 904
13 19 1486
1 11 2879
16 4 9553
9 19 9771
7 2 7894
17 11 2940
5 10 925
17 11 1514
10 4 194
4 10 7882
5 11 8115
5 17 3140
3 10 2048
8 1 9449
6 7 6535
6 13 6396
18 7 4217
8 3 3838
17 9 1378
16 12 5003
19 17 1182
13 17 9259
8 5 9897
1 2 3669
12 10 8406
16 19 8185
9 7 7438
8 5 7496
9 17 6442
5 20 4888
6 18 3611
7 8 9814
17 1 38
9 18 6068
12 3 6668
19 5 3475
9 19 1585
11 7 4018
11 12 9355
18 1 8365
13 18 9960
10 5 4398
10 7 4150
16 2 1709
20 10 5002
13 2 4763
3 11 4413
15 16 6564
8 14 1742
8 3 7332
6 17 4403
10 8 477
18 1 5196
18 15 3747
13 3 1588
14 17 8278
10 8 2542
19 2 1828
11 19 6681
18 6 717
17 16 6549
5 14 2583
12 8 4572
13 1 1099
18 13 1838
9 10 9913
2 11 9547
15 14 4386
11 13 417
12 5 9553
18 11 910
7 19 470
3 2 5501
17 14 8537
18 5 2121
3 18 4221
3 6 3877
12 1 4867
6 3 8592
18 7 6951
20 15 3064
18 13 4264
5 6 9133
6 11 2349
8 10 7379
2 14 6304
16 1 2338
13 2 2153
13 17 7447
16 1 468
17 7 5503
9 5 5242
6 16 3610
18 8 7523
13 3 7090
3 4 6741
11 17 9117
3 15 9367
4 18 3825
4 8 4139
14 10 2034
2 20 1046
4 3 3337
10 20 8174
4 6 9148
5 16 2105
16 6 6916
5 17 5201
18 12 5556
3 15 8205
19 13 4108
5 12 1587
17 7 3663
1 2 5979
15 5 2017
11 20 3882
19 11 3024
20 11 8568
8 16 2966
5 8 9986
11 6 4491
14 8 8048
1 3 4148
3 2 6454
13 17 7232
4 16 8850
14 17 8340
1 13 3023
1 5 2515
20 5 8293
14 17 8215
19 8 6397
18 20 4651
15 3 8211
19 12 7389
11 8 3309
9 1 5364
3 11 7791
5 9 3378
13 19 1006
1 11 687
18 8 2077
16 10 1870
10 4 2499
7 17 7565
20 11 9086
12 11 5690
16 15 2424
20 9 9445
8 14 637
14 19 8592
4 17 6537
20 8 8331
1 17 7893
7 4 6370
18 17 6515
4 15 1853
2 16 8800
9 3 4871
6 1 1419
13 5 6385
1 2 8261
20 3 8624
18 20 9110
18 16 2380
5 18 5496
18 19 659
3 10 7923
1 5 1143
12 9 9467
15 18 4547
7 9 8609
11 20 967
8 15 5073
3 20 441
5 3 730
15 4 1793
11 19 3193
12 10 9801
12 20 9234
10 3 7015
20 17 6102
12 4 3636
2 1 2331
16 18 8388
9 11 1729
15 7 5381
5 18 9639
16 7 2917
16 12 6909
18 7 7246
4 16 6315
5 6 3766
11 3 2685
1 14 736
5 9 8216
11 18 2546
2 13 1718
6 7 2590
8 7 5480
19 1 2408
6 5 2739
12 20 3871
19 14 7546
17 15 5135
19 4 6844
15 17 5526
1 6 5014
4 17 3907
20 5 3111
20 10 6360
12 19 8857
8 1 9550
8 10 2493
4 5 1227
16 11 4365
14 16 2015
14 17 5047
1 2 6128
4 2 1102
5 4 3652
10 13 3490
1 10 6241
16 6 3898
13 17 472
19 1 2615
6 13 7646
13 10 8032
12 6 6189
13 5 3296
1 7 977
10 5 5166
18 20 7518
19 9 6972
8 16 6122
1 8 9388
1 6 692
19 12 2849
8 4 3967
13 15 4761
13 9 7416
11 2 2916
10 9 3285
15 14 1416
17 13 3356
3 17 5900
9 3 6505
1 12 5418
7 20 3658
6 10 6858
2 16 3758
4 19 3170
4 6 7374
12 9 3421
8 1 8555
16 3 4574
5 6 2431
6 14 9460
4 11 3211
5 9 2088
18 11 6510
12 8 9230
16 8 3093
2 13 5717
2 9 6969
19 11 7944
17 7 9038
13 11 8334
7 4 5413
16 6 9124
3 16 6809
11 9 3548
18 16 4824
4 5 4038
8 17 5608
5 7 9002
5 14 2398
16 7 4100
10 18 9248
13 17 2688
5 7 1447
20 2 271
1 4 8085
2 3 8631
8 12 1823
17 13 9489
19 11 3982
3 11 7794
10 17 1129
20 19 6268
14 10 7650
17 16 8715
17 9 1815
3 1 6571
13 3 6104
19 3 1007
20 8 4410
6 18 3632
9 14 1665
11 8 9975
2 20 4590
12 16 4715
7 15 987
19 1 921
18 4 4110
10 4 2507
18 19 8208
17 2 849
20 5 3188
17 3 9577
2 16 2721
19 9 1408
19 2 8496
19 9 6483
15 2 4524
7 16 3677
2 3 7437
12 6 2975
10 5 5698
4 8 5142
9 11 6056
10 4 5239
17 18 6692
19 17 8699
11 6 4957
3 19 7687
8 19 1956
3 12 1851
17 14 7482
5 15 4336
6 11 8717
12 11 1547
4 14 7412
8 19 1686
11 1 9982
9 18 9910
17 3 8651
6 7 6297
17 7 4537
14 12 3924
1 4 5661
11 12 229
16 14 3113
9 17 4859
10 18 9002
7 8 4184
20 3 1687
18 13 2742
5 12 38
6 4 3078
14 11 813
10 12 4750
12 8 8473
9 5 7936
17 11 7455
18 15 3263
8 16 863
16 12 513
19 20 4648
20 10 848
15 5 1058
9 18 3084
3 11 4616
19 9 1343
8 4 7599
20 14 7238
6 10 1313
5 12 8103
18 20 8836
18 9 8666
1 11 2620
8 6 9703
12 17 9912
15 2 7184
11 3 5786
10 18 2767
10 19 557
14 18 7533
19 2 9307
2 15 9482
5 6 9492
8 18 6216
1 10 5522
2 7 223
16 13 9037
6 18 5684
12 16 1026
13 7 2833
4 13 4980
10 3 1857
19 12 395
18 5 1701
10 12 6396
7 4 6358
6 15 1920
13 8 9947
18 9 3299
2 6 6229
5 12 1415
14 1 9662
19 13 756
15 7 4525
2 7 6915
3 15 7015
7 4 1031
5 16 1428
5 18 6008
3 16 2453
9 3 7375
4 11 7300
11 17 6012
7 16 5622
1 8 5113
3 18 5007
19 16 317
7 9 6201
4 20 251
14 11 6734
5 3 809
18 6 710
2 15 1428
11 5 2960
2 1 1602
4 16 5573
1 3 6435
18 5 6899
8 7 3971
18 17 156
8 1 3545
12 17 6421
17 11 7141
18 11 5111
16 20 2878
20 5 6585
16 10 5632
11 2 1095
1 3 3845
6 13 4846
5 10 1730
2 14 1308
6 16 8511
10 15 7280
1 15 3297
19 20 6115
20 8 7552
11 4 3708
14 16 2413
10 2 4668
17 3 2256
18 1 8704
14 6 1044
17 2 8617
9 2 3044
12 8 7896
9 1 7460
5 2 3584
1 8 2262
14 3 3868
2 13 3246
6 18 1234
20 6 1528
7 17 3667
1 13 3778
1 19 7002
3 13 2204
3 1 6867
20 12 6211
11 5 6991
9 2 9864
9 5 9340
12 20 3238
17 13 3160
17 20 7433
9 15 807
6 2 3805
8 19 4114
12 1 6681
20 5 8173
9 7 902
14 19 4755
11 2 5281
3 20 1481
13 9 387
17 20 1660
18 16 7950
12 1 2781
18 19 3913
20 13 2544
11 7 7012
11 7 1637
18 11 9112
11 7 327
20 1 2419
19 20 5326
8 18 3054
15 19 8640
11 4 9689
2 4 8124
16 6 8356
12 9 8155
7 11 1697
6 1 8940
12 18 8039
17 4 1935
14 18 1615
8 13 213
18 12 3751
3 11 3090
8 10 4521
5 2 5150
3 14 8263
16 6 6664
5 2 4762
5 12 9165
2 17 9862
7 16 4738
6 20 3111
12 17 4677
3 14 230
19 10 693
10 8 5885
10 5 1143
7 19 1182
17 11 9220
8 20 54
13 19 6204
1 20 6106
18 5 4759
1 4 5179
19 15 6353
15 13 9080
11 4 14
1 17 4190
17 15 6219
6 15 8654
8 5 5169
18 5 5667
16 3 1318
18 14 2467
20 2 2662
8 10 6639
9 8 8781
5 10 7384
14 7 5362
13 10 1946
12 20 1196
16 19 1388
13 12 5390
2 5 7360
8 11 5237
9 8 8430
19 15 1675
6 12 2007
10 17 6449
7 8 7331
2 20 8983
4 15 7123
14 5 407
1 15 6722
9 10 1927
15 17 4844
11 13 1267
3 12 9610
6 9 1505
18 6 4684
12 17 1488
19 14 1917
6 1 1398
12 17 5104
18 6 6159
12 9 5071
14 4 1529
7 10 7948
9 10 8942
12 19 4082
8 13 6226
5 6 17
4 10 7704
17 14 851
18 13 9360
4 15 1487
12 17 443
6 19 4529
9 16 4226
18 17 232
10 17 6796
19 16 8786
12 18 8820
4 14 250
20 5 634
10 8 2340
17 5 2601
11 13 5996
5 20 20
18 5 933
15 13 3868
13 8 2456
16 11 5898
19 18 4491
10 2 2223
12 5 3290
11 20 8055
10 16 2359
4 8 291
19 18 3003
3 8 7747
20 16 408
12 17 4544
11 9 8094
16 13 6240
7 16 1153
8 2 3384
1 20 7449
13 19 5223
10 11 3381
15 5 4781
19 10 5835
14 13 7045
16 18 488
3 14 9695
6 3 2256
4 17 8056
5 4 3719
6 1 4200
19 18 4549
19 18 4711
2 14 5097
6 7 3418
7 10 6827
4 1 659
18 19 5426
9 15 1172
3 1 2493
10 16 7056
10 13 2971
15 12 8
20 8 9330
10 5 482
6 17 7555
15 4 8237
3 7 3954
6 4 7702
3 16 2488
8 11 6110
2 12 711
17 11 5979
5 13 3228
10 18 5153
8 19 8833
17 20 1302
10 18 3594
2 11 3498
18 8 18
7 19 8949
10 5 7127
16 18 2103
6 10 2254
10 13 5652
2 7 3935
6 1 233
4 9 1713
18 3 6318
7 10 3521
5 12 1902
19 12 944
11 1 7476
19 2 6204
2 4 1522
16 6 5805
11 18 2479
11 18 3885
1 2 9366
16 15 9004
6 2 2309
6 19 9412
14 4 7662
14 13 165
1 5 231
7 18 5875
3 11 8399
3 9 4105
2 4 5487
3 8 530
13 14 4649
15 11 6354
5 10 110
20 1 9557
5 9 2185
6 15 7469
15 1 2529
8 4 9773
13 6 121
7 12 2281
1 20 3895
11 15 9672
17 8 4399
3 13 1301
1 14 7350
12 1 8689
2 10 9726
18 14 2754
8 15 5480
2 13 3340
2 11 3882
3 2 1642
17 12 6706
20 15 9895
5 3 8299
13 11 7106
5 8 6153
17 8 7307
13 1 8530
2 12 3886
10 5 1699
15 5 92
3 2 1439
2 5 9505
8 7 1004
1 13 7466
2 10 4925
20 18 3942
7 3 5034
10 16 481
19 8 7394
9 2 2056
9 2 3034
15 10 9548
19 17 8640
10 13 229
6 13 1462
6 5 7587
1 15 6790
12 7 801
4 13 2663
7 19 2113
16 6 261
15 3 6350
12 5 5129
8 3 3623
14 18 9361
12 11 1994
17 2 9947
5 19 277
13 15 9122
3 4 9822
6 9 4504
5 8 1954
13 6 1
1 13 8660
6 11 1060
9 8 7174
20 16 4347
13 14 3808
14 4 7000
17 20 5071
10 6 5551
9 10 7445
5 2 666
3 16 3341
15 8 5299
12 7 9759
9 14 5201
17 9 4346
20 6 5895
20 5 5744
1 11 5081
3 14 3560
4 10 3034
9 3 3019
13 3 20
2 5 4749
12 18 7487
10 3 3860
7 12 3670
3 6 545
12 19 8655
11 13 1874
17 18 5967
4 10 9314
3 13 1861
4 2 3797
6 2 7571
5 4 4788
14 4 8233
3 12 7828
10 18 1135
7 3 10
11 20 1739
1 2 5746
16 11 9651
3 4 2253
13 11 4915
9 13 2500
1 2 5446
16 3 4051
8 5 5053
1 6 5768
14 4 244
9 11 4128
8 14 877
1 2 7941
16 9 8998
6 8 561
20 12 3618
4 9 4849
20 2 3280
17 5 4999
12 19 5418
8 10 121
11 9 6599
11 12 8129
6 11 9450
7 13 9758
1 16 1725
6 1 9853
2 8 2607
3 1 7923
16 20 3046
5 12 699
15 14 3346
16 12 6140
18 3 5344
6 4 2286
9 16 8764
9 19 8188
6 1 5007
6 9 832
11 1 6442
18 13 5387
2 3 5758
14 3 8574
20 15 353
3 1 5732
14 2 1536
15 7 220
11 3 5872
13 6 8063
16 2 3277
15 7 8093
14 6 4421
7 5 1850
17 10 747
12 17 9875
9 20 132
14 17 1777
14 20 1473
8 16 469
10 8 958
13 16 2614
1 16 3515
3 17 1833
9 3 7059
13 14 8140
11 4 76
5 4 5411
3 17 9063
12 2 9811
7 1 9357
19 13 1200
8 20 7748
8 5 49
11 9 9076
5 9 1191
7 17 8313
8 1 513
3 2 1467
17 12 775
4 17 5060
15 1 3719
19 7 9484
13 15 5999
9 2 5211
9 5 7062
19 8 5226
17 20 5239
15 20 2855
18 13 3749
13 14 6671
11 6 6005
17 1 6197
8 14 5648
3 7 2998
16 6 1342
19 3 8103
20 17 4464
12 20 4888
17 16 9228
20 10 1053
18 6 2857
10 13 6872
15 20 899
15 17 486
12 5 8087
20 10 4446
20 1 2467
11 5 5605
16 3 5047
16 19 84
8 16 3725
13 19 9220
13 15 8166
4 9 7027
7 5 4839
13 18 7385
15 12 5373
13 2 2204
9 14 4365
17 20 3900
7 6 5287
17 1 7797
12 20 6188
9 4 9748
15 4 9174
11 10 945
20 9 3127
7 17 9708
13 5 3142
8 18 5614
6 1 358
5 17 8938
6 7 6366
13 3 5199
2 18 7928
17 19 7093
18 12 6157
6 8 5815
19 17 6784
2 6 7190
1 19 2790
5 20 8151
10 14 9374
19 16 8498
17 6 3568
2 6 9099
20 16 4152
16 10 2697
7 4 4778
8 14 4397
3 19 7198
8 7 6191
8 19 9288
6 12 297
2 5 5884
8 10 1827
11 20 332
4 19 4091
9 6 2937
8 17 1108
2 4 7752
9 14 146
11 2 5864
15 6 9811
12 4 9272
16 8 64
8 11 3725
17 7 3129
14 2 5330
20 13 8673
2 4 896
9 2 9837
3 12 3930
16 11 7778
6 5 4467
14 17 9827
18 8 5576
18 15 1774
9 13 2147
16 3 1763
8 14 8568
8 19 8232
17 8 7600
3 10 4575
17 5 3044
3 8 9963
7 13 9980
7 20 4787
17 8 9124
10 4 9969
6 7 1301
8 16 1195
8 20 8160
6 17 8742
13 5 9379
11 18 8967
15 2 6139
12 4 7002
9 4 4895
2 18 7086
8 10 5615
5 8 8090
10 11 2745
13 12 7379
6 13 152
12 15 4956
2 11 3960
19 16 747
5 19 7202
8 5 4461
15 3 1426
8 7 8437
1 7 4636
20 13 2939
4 13 8638
14 15 6625
12 13 1323
11 3 4333
3 18 436
2 8 3240
1 18 9697
6 15 8834
12 11 2858
6 7 8696
6 18 741
1 9 7729
10 18 7522
15 16 2005
16 8 9907
18 11 8479
3 20 9450
16 3 8417
16 9 3310
8 1 5970
4 2 3812
12 15 7630
11 6 1032
17 10 3279
4 18 3467
14 3 9319
18 12 8370
4 14 6775
3 19 6385
10 2 9998
17 13 8787
13 19 7525
5 19 6552
13 5 9413
8 3 8954
1 15 4997
9 14 5558
7 5 9132
19 16 979
1 20 5124
12 8 2471
8 18 3230
15 9 3019
13 1 9882
9 15 5554
8 14 9706
5 15 8276
2 3 3561
20 9 6907
3 6 7458
6 3 6344
8 15 1012
19 4 7611
16 18 1639
2 17 925
5 18 9039
16 2 9713
17 4 8016
9 3 1548
7 4 4520
11 6 3806
18 2 7989
11 4 5647
4 13 4720
18 11 2938
16 11 8417
6 20 709
10 3 3742
7 11 3899
11 4 1050
3 2 3540
5 19 9070
18 12 6326
15 12 5229
2 3 3297
19 5 2766
8 18 5270
15 14 5693
1 4 7704
2 6 4199
18 5 1964
18 19 6727
13 1 6589
13 16 2950
12 1 9558
20 15 882
7 4 682
11 8 6553
10 15 4940
2 4 3971
13 8 4263
6 2 3452
3 18 9519
3 8 1165
2 11 7200
17 20 6439
13 11 6872
1 5 9447
15 8 9401
9 17 7218
1 8 1704
15 3 2777
1 7 8478
13 15 6516
7 11 4643
18 1 349
4 7 3617
11 12 9423
19 16 4519
20 15 4863
6 7 4272
20 4 3669
18 3 575
13 15 7750
5 17 6314
7 14 6203
17 8 8217
10 8 5542
2 3 1103
7 13 506
17 6 3705
1 11 369
4 15 6955
13 8 1769
20 14 3242
9 5 6560
18 16 5505
12 10 2252
9 16 9832
14 20 3733
14 6 3431
19 4 1019
13 1 5568
13 9 1997
5 1 5702
7 5 8498
3 2 5315
17 7 2088
20 15 1247
1 18 5500
6 9 3134
7 13 9705
18 6 2318
2 5 6158
10 13 3722
6 1 3387
15 5 4766
5 14 9524
8 20 9602
13 7 1193
7 4 7392
6 4 1326
10 11 1432
18 9 4700
14 7 1596
4 17 8391
18 13 8135
10 5 2114
3 15 116
12 9 3595
6 16 392
11 16 7138
4 14 8860
3 16 3542
12 17 1428
12 16 9042
1 10 5515
9 6 2492
11 3 9084
3 15 485
19 8 1710
19 20 1069
20 5 683
20 14 2213
14 19 6449
7 6 5124
11 15 5847
8 17 2692
7 4 1406
18 12 5731
5 1 5131
6 8 273
19 13 5186
17 12 7360
7 15 9333
17 18 3372
17 20 3315
4 1 4045
15 4 6206
18 16 7594
4 8 8274
10 19 2667
13 2 2734
12 4 7968
14 1 5883
13 3 2121
6 8 1916
5 19 1019
1 19 5775
4 10 8783
7 6 7318
2 3 4095
11 19 3902
4 10 6992
13 10 5813
6 11 3663
11 3 3596
11 3 661
6 4 5167
20 7 225
2 14 9168
9 13 7980
11 3 1350
14 6 9260
16 2 1178
19 5 4198
14 1 955
15 6 679
16 8 6259
2 19 5559
14 19 6065
15 4 8114
6 9 5923
13 20 1203
5 17 5805
9 17 9388
1 15 2739
5 1 9583
5 7 5885
4 19 3880
12 8 7442
2 14 2121
12 7 5044
14 15 6433
10 11 3995
3 8 2119
17 2 1509
13 16 1228
20 16 8696
17 6 4251
17 8 2768
16 12 4816
20 9 532
14 13 6796
14 11 2447
11 20 6982
18 7 4691
11 3 213
14 18 5535
1 6 5697
17 14 3826
1 18 7002
8 6 1743
15 13 2061
3 19 861
10 11 7087
19 6 7066
5 19 5512
1 18 2325
7 18 9799
20 11 4500
4 9 4402
9 3 526
8 20 1453
15 6 1397
1 20 3012
7 5 6169
3 8 9318
4 9 569
4 16 563
5 9 6597
18 14 1410
16 12 4307
13 9 514
13 10 2230
7 20 3557
15 8 1045
20 5 7241
8 5 1299
18 2 2344
16 14 7825
20 11 4888
3 19 193
16 7 4482
16 8 7099
9 10 5690
17 13 5022
15 2 9769
20 14 9294
12 19 8893
10 17 5311
8 19 4448
4 20 7955
8 6 1507
12 5 2224
6 9 3604
5 13 9950
1 12 6383
10 15 1207
19 2 7259
16 4 3918
20 16 6098
12 13 7783
3 6 6329
19 9 9645
7 13 6207
18 16 5709
12 19 8544
7 15 8124
5 1 8210
20 17 9737
16 20 6520
10 17 9285
10 2 2215
15 6 6302
7 13 2703
13 15 7522
3 2 7397
2 15 619
14 10 5946
14 8 9581
11 6 3095
6 12 7362
5 6 7932
17 19 786
3 13 3134
19 14 7320
9 17 9302
4 18 9335
18 11 3544
8 5 9165
4 13 3442
17 2 3436
17 7 6928
5 3 9129
2 10 4194
4 8 3491
1 12 4491
10 18 490
7 16 8198
17 12 4695
3 17 8446
18 2 6616
17 16 7904
19 1 1237
6 11 1555
2 3 9998
17 3 7496
16 18 4780
11 16 4576
8 16 5800
18 15 4484
6 7 5320
7 16 8754
18 15 14
9 18 1158
9 3 3793
19 7 6364
19 8 9792
1 3 4303
15 1 4654
10 6 1948
14 16 1711
18 3 2417
6 11 2904
1 3 9003
19 4 6880
8 10 2726
1 20 5676
9 14 1381
10 12 4196
19 20 6840
7 3 9023
18 12 3303
15 20 6370
16 18 1169
7 14 4524
12 5 5878
18 2 4119
18 20 3526
2 17 4171
18 20 9051
3 2 7699
15 3 6471
10 6 6144
13 17 7978
19 18 8438
9 5 4462
15 4 587
20 11 1116
5 14 5666
8 12 232
5 3 1482
5 16 6104
5 18 8969
15 3 2688
8 18 9330
1 20 4130
11 7 5103
8 20 2276
3 5 1927
11 19 2471
17 3 7670
9 16 2953
12 16 1980
3 5 2141
17 8 5541
11 18 7107
1 13 2689
2 16 1065
13 11 9499
15 19 9992
1 12 2465
10 5 4839
5 8 3033
4 1 2482
18 6 6374
8 15 7094
16 17 7165
16 2 2071
15 7 4307
7 1 3880
1 19 6443
20 5 459
2 8 2025
3 12 8950
18 4 9990
8 5 5599
7 2 6894
3 5 4045
14 20 1784
18 9 956
9 10 8703
5 16 7578
15 8 2701
12 13 2776
8 9 1899
14 1 2943
6 20 7469
7 6 1429
14 6 1356
18 17 1487
4 18 2920
7 1 7779
10 4 3144
20 14 344
19 2 5664
5 14 4773
11 9 4983
12 2 1075
14 20 4281
17 4 2566
17 4 1977
20 11 700
16 4 2815
5 14 7544
17 16 9198
4 15 3547
17 20 9288
5 4 3021
3 18 9239
12 14 699
12 18 655
11 12 7790
7 17 4634
8 17 5815
19 16 7751
15 4 5001
16 13 2811
19 20 8576
13 17 1517
4 16 286
9 15 8131
7 10 3015
12 16 9763
9 2 8580
1 18 6327
14 16 9786
11 1 5488
6 2 4242
15 19 9444
3 4 5889
4 20 8424
20 13 9587
7 15 2834
3 1 3973
18 4 1053
11 2 8740
19 3 5378
16 20 4389
2 14 5288
4 17 8295
11 12 3650
11 8 3155
14 8 6997
20 3 2833
13 7 6318
14 17 8728
14 18 9247
16 2 2366
20 16 4370
13 14 8680
10 20 7354
10 19 7843
1 7 973
6 2 999
12 1 295
12 8 5805
19 20 8827
10 2 1951
2 17 2656
8 2 1323
15 16 3294
18 5 8637
12 15 3292
18 6 4718
12 4 7888
9 8 4847
19 14 1320
18 11 5051
9 18 2312
18 5 6665
6 3 1487
7 17 19
1 10 1998
1 3 1453
20 11 3875
6 15 6014
1 7 6448
20 3 7773
13 1 1190
19 15 7539
11 1 1671
2 8 5917
2 7 6290
18 5 6369
15 11 3168
2 17 634
17 18 8221
8 2 7680
9 8 7176
5 11 1788
16 17 1960
7 8 4197
8 4 3097
10 17 9819
9 7 3372
12 3 4792
4 20 5383
10 11 7011
19 3 6876
12 10 4941
11 12 9383
10 11 8680
20 15 3376
18 6 670
11 10 9933
12 6 3903
13 8 4751
1 8 8230
11 20 1568
19 13 6349
15 17 3520
1 2 8989
3 14 1237
8 5 5850
1 11 6010
18 11 7398
10 19 9011
2 15 1060
12 14 1280
15 14 8714
15 5 8935
2 9 908
11 9 8710
15 5 342
3 5 3379
18 8 3825
4 10 1187
16 10 5586
18 11 1144
13 10 6681
11 7 9898
6 10 2255
11 7 5627
15 4 1636
14 11 2627
19 15 3072
1 12 8466
19 18 3280
20 15 3692
9 17 6057
4 8 8756
14 11 6677
11 19 2899
7 4 4724
5 8 3812
6 10 3695
13 20 7865
20 10 8728
2 15 9490
16 8 6444
5 16 1332
11 14 6214
4 3 6380
3 14 6272
8 7 4693
12 16 151
3 7 1880
15 17 4062
18 15 6473
14 4 8178
16 7 5649
9 18 9049
4 18 6104
10 15 1874
12 19 9274
20 2 1454
6 14 7019
17 14 6707
11 15 207
3 1 5118
20 7 8229
16 5 5583
9 1 5284
17 8 1563
4 5 9726
14 9 270
12 15 9124
7 15 8015
15 13 4956
19 1 2403
6 17 4043
7 18 5242
7 16 52
2 12 3332
18 9 6294
11 5 7163
15 10 7647
5 16 1121
3 10 1558
19 20 3992
18 6 279
14 18 8385
19 6 7115
17 3 364
16 15 8692
6 19 5156
12 5 4963
10 19 4413
7 6 1590
7 17 6109
7 5 5155
8 4 6815
5 10 6110
6 1 3777
14 9 4065
13 6 7564
14 16 5249
3 12 3789
4 11 2418
4 15 8719
6 19 7603
4 3 6397
9 11 4097
3 19 5984
18 15 387
8 4 345
13 15 6859
9 7 8666
14 4 2222
2 3 6718
19 18 6872
19 3 4068
17 2 6406
11 14 9619
11 7 7812
18 9 1799
6 16 2615
3 1 8704
6 5 130
14 3 93
18 9 4281
14 19 9765
3 19 1695
11 13 8608
10 15 5925
20 14 9899
4 1 8863
20 11 5684
4 13 6199
10 6 797
11 12 1827
19 20 5392
7 8 7601
18 7 229
15 2 1446
7 20 2607
11 5 628
19 4 7007
15 2 7728
2 19 6181
18 8 742
19 18 6024
10 1 5124
3 19 5522
2 17 1909
17 6 6602
14 15 3712
3 8 8677
12 11 8008
15 8 769
6 13 7815
13 15 6401
16 19 9462
20 11 7568
19 14 1565
19 16 1208
9 6 3432
6 15 6161
9 11 634
5 17 3435
17 18 3952
19 6 4589
14 6 2654
9 3 687
3 2 280
4 19 4163
12 18 4285
20 17 9571
2 1 7156
20 6 2218
6 19 5368
18 2 359
5 18 5280
13 7 8707
20 18 1712
10 3 1408
1 5 7925
3 7 7128
11 6 8484
20 7 1934
11 17 2527
20 13 4537
13 6 3386
20 17 9156
14 8 8099
4 17 9236
7 6 9650
12 3 3497
12 11 9410
14 10 4996
20 18 2858
19 8 5711
12 10 3020
14 20 4150
20 3 338
8 12 8385
1 16 8676
11 17 6625
13 14 2426
4 2 1593
18 19 4414
1 7 3223
3 9 4888
19 8 3740
9 2 2122
14 7 1199
17 15 9466
2 19 5983
11 2 6193
10 17 4378
16 9 1411
9 16 2022
18 6 9505
13 14 4450
13 1 6196
1 6 2907
8 9 7625
12 9 2991
7 13 2860
18 7 5653
10 15 315
6 15 1566
12 19 3932
20 19 2641
14 20 437
20 5 6439
10 18 9979
19 1 1329
11 14 5889
2 7 3053
1 20 7919
15 17 1439
1 7 7653
8 15 8477
18 20 8143
12 2 8207
16 8 2693
3 5 4081
8 6 1804
19 17 9016
12 20 919
10 4 5960
11 17 5221
12 14 965
20 11 8171
17 12 6626
12 1 8927
5 7 8415
5 7 3860
10 18 5598
5 18 9355
14 5 5804
12 18 129
17 2 7829
17 5 7762
17 4 888
2 19 5096
3 9 8034
3 12 4290
18 14 2056
1 12 7424
8 2 2186
2 9 2292
8 16 7335
9 3 3838
7 20 6853
17 13 1351
9 6 2231
20 18 1189
5 14 270
1 13 2552
4 11 6228
15 3 8162
12 14 6228
2 6 579
20 10 5923
10 2 5361
10 13 8045
13 12 7581
8 6 9678
4 11 8947
19 1 7794
12 18 3525
2 6 5363
11 18 3032
4 17 5393
2 13 4845
2 18 7336
10 12 1758
3 19 8776
3 16 2193
1 19 3620
20 1 6422
18 7 2452
14 11 5144
8 1 4723
18 1 2631
16 13 6506
7 9 2747
12 15 4983
4 3 5686
2 19 2008
13 14 9912
1 8 3438
17 3 9730
17 19 3530
8 7 7172
7 19 8934
14 12 5041
1 20 12
15 5 6244
5 3 2273
12 6 1580
19 4 4227
3 4 7387
7 17 3241
2 11 7370
4 17 203
12 16 545
8 11 8083
1 13 4384
1 20 9487
4 17 9943
7 5 6612
6 14 9155
1 17 6059
9 3 4908
19 15 2101
8 6 371
19 20 7281
2 17 254
14 12 1271
2 8 4119
3 8 5086
8 14 7489
19 16 7077
4 19 935
19 5 3611
11 12 7410
11 15 7597
9 19 9342
14 20 2404
15 11 1320
8 17 9869
8 15 2780
19 6 8281
17 18 5084
18 13 6998
2 9 6456
9 18 7377
11 15 795
11 1 986
6 3 5513
5 4 7385
12 1 4491
14 12 3395
13 7 7203
9 1 4684
9 17 1641
14 20 3539
1 17 8869
2 9 8120
20 4 9796
14 17 5205
12 17 8409
14 17 4590
14 9 8516
8 18 5802
11 20 1759
13 14 8883
13 7 4047
18 19 162
13 18 3883
4 18 1185
6 17 8371
6 19 4750
14 12 5645
19 11 249
20 19 2078
5 3 6700
9 16 1874
9 4 4356
13 10 6808
10 7 3262
15 17 975
7 11 1165
2 19 111
16 13 8898
7 1 7856
3 2 240
11 17 5541
11 19 8703
9 8 4749
15 18 365
8 5 8054
2 5 6257
15 11 9472
1 2 6265
12 7 6550
6 12 9415
14 16 7832
7 5 4865
5 14 1628
16 15 5181
18 19 1195
6 8 620
13 18 3307
5 13 3268
11 17 8910
1 6 9197
11 10 5298
5 12 3715
18 6 2436
1 13 1572
8 7 7468
5 14 2988
13 6 8329
13 10 5873
2 13 873
1 10 2069
11 13 8030
9 11 6183
7 12 5704
20 6 251
10 12 2563
8 17 4304
5 20 6244
4 6 9346
11 18 4623
6 3 275
19 14 7639
14 20 96
3 2 6624
3 7 6502
9 2 4460
4 19 2729
14 20 1152
6 18 889
14 19 851
10 5 1947
17 15 2998
6 2 6097
2 17 4842
11 5 7157
11 14 575
15 2 8154
15 1 6313
15 19 5814
6 12 5788
19 3 9358
15 13 7992
11 10 5775
17 8 2182
19 8 589
12 9 8156
17 10 8966
2 6 1079
10 18 2881
10 18 8321
12 7 4916
4 16 48
13 4 2537
13 2 944
5 2 9441
4 15 3465
14 15 5497
10 14 4770
8 7 8209
10 11 6084
11 7 9246
16 8 8515
7 13 707
17 11 9316
15 18 1256
16 10 968
3 12 6015
2 11 1169
10 8 3266
7 6 3376
5 2 4163
4 6 3268
19 20 5959
4 18 4109
14 10 3517
10 1 9228
6 11 4627
17 12 8136
1 19 4378
3 14 6894
12 13 5740
13 5 211
14 13 9275
14 10 3468
8 12 1816
15 14 3133
9 8 1148
13 5 6298
19 8 351
20 6 9047
5 15 1458
5 10 2349
17 19 3653
14 18 7474
16 9 4756
10 14 8374
20 11 3674
4 9 2116
20 19 4158
10 11 2563
4 3 2066
3 16 1183
2 11 353
3 5 5721
15 10 8242
19 15 4819
10 18 7069
1 3 5772
14 9 7284
5 9 9146
12 5 3654
14 19 2407
15 4 976
4 20 2965
14 18 2607
15 13 4060
5 6 3692
12 4 3724
11 5 8700
6 2 8377
2 15 4061
14 12 4477
10 2 2477
11 7 2266
2 5 6155
18 8 3667
15 4 1405
15 18 965
3 13 4186
5 9 8023
13 19 5551
16 6 84
5 6 968
16 6 4423
20 9 9111
9 6 6535
19 14 1909
13 6 5162
3 1 9944
6 15 3287
15 4 7190
2 8 3439
11 7 1923
13 6 2009
9 16 8247
15 5 409
6 2 538
20 4 8263
2 10 83
5 12 1388
6 15 1863
1 11 5887
18 10 7381
1 8 9797
6 10 1103
18 4 1400
17 9 8892
3 17 9932
18 1 2886
1 6 2137
11 20 7456
2 9 8281
18 17 1938
7 15 9897
17 12 2710
