50 70
25 39 8527
7 50 284
5 39 8396
20 49 188
3 47 4087
7 38 2768
13 43 4829
13 49 312
16 45 3952
19 44 8335
5 15 7747
32 50 312
11 17 55
2 17 5914
12 35 8505
9 18 1274
18 34 2103
22 47 1836
17 38 4422
19 28 7097
15 27 5189
20 42 4144
27 31 1407
10 45 6172
17 36 4835
4 14 3689
23 29 7572
42 50 9319
17 28 4096
24 40 4714
3 46 9984
22 45 6663
20 36 8260
4 5 7758
4 7 3307
44 47 3991
12 42 2517
5 42 5263
1 32 2826
21 41 5903
11 25 791
5 9 7537
36 40 2748
9 21 3970
27 38 3062
25 46 6774
29 46 7645
4 26 1694
15 30 6908
40 50 9290
12 31 9172
25 38 1086
31 43 6816
32 49 2422
13 16 7175
25 35 6217
17 18 5203
1 19 4111
6 13 8211
7 19 4818
7 18 6931
43 44 4998
21 47 5079
18 29 2568
27 39 7674
16 40 5351
13 35 5001
39 46 966
22 27 2381
15 32 8973
