80 100
15 39 8527
9 42 284
9 65 8396
34 65 188
25 46 4087
51 76 2768
52 75 4829
10 31 312
16 58 3952
17 61 8335
64 75 7747
24 62 312
30 69 55
19 47 5914
14 72 8505
6 14 1274
21 58 2103
15 46 1836
3 33 4422
25 43 7097
42 60 5189
76 79 4144
10 27 1407
7 16 6172
29 78 4835
1 5 3689
15 43 7572
1 3 9319
56 67 4096
15 65 4714
31 56 9984
70 72 6663
64 71 8260
34 67 7758
72 74 3307
32 48 3991
11 37 2517
21 46 5263
65 80 2826
1 62 5903
5 79 791
5 31 7537
32 43 2748
47 65 3970
16 69 3062
5 51 6774
18 29 7645
16 33 1694
38 48 6908
5 7 9290
34 48 9172
19 76 1086
21 38 6816
22 53 2422
71 77 7175
23 56 6217
32 42 5203
32 36 4111
75 80 8211
1 70 4818
39 65 6931
15 68 4998
24 58 5079
23 27 2568
27 33 7674
59 74 5351
2 64 5001
9 17 966
5 20 2381
3 31 8973
52 54 5244
35 69 34
32 63 2240
34 71 7466
52 62 3298
16 49 5856
1 41 1550
22 79 7025
7 30 902
58 75 6158
78 79 2036
12 59 2367
33 48 3712
54 59 7335
2 4 5989
21 60 6395
17 73 8388
2 60 2018
10 16 2389
27 51 1484
52 71 1745
36 59 5586
38 77 2928
46 56 945
5 73 8579
30 42 7686
12 31 2258
41 60 5512
1 29 2627
25 26 6265
