200 1000
122 142 8527
60 144 284
22 179 8396
112 113 188
54 74 4087
15 70 2768
53 116 4829
77 136 312
140 144 3952
140 194 8335
1 66 7747
4 17 312
69 183 55
124 182 5914
194 198 8505
20 48 1274
8 147 2103
136 170 1836
80 195 4422
170 184 7097
37 140 5189
76 133 4144
39 148 1407
126 181 6172
149 154 4835
70 164 3689
62 198 7572
5 200 9319
94 184 4096
63 74 4714
96 136 9984
152 180 6663
150 196 8260
54 168 7758
108 116 3307
10 35 3991
26 130 2517
8 51 5263
60 191 2826
17 135 5903
30 149 791
23 160 7537
15 133 2748
12 147 3970
95 153 3062
12 184 6774
21 167 7645
4 95 1694
193 197 6908
12 116 9290
29 38 9172
24 135 1086
133 166 6816
25 112 2422
168 179 7175
71 86 6217
168 194 5203
47 122 4111
27 85 8211
14 71 4818
34 40 6931
23 43 4998
44 184 5079
96 142 2568
45 162 7674
157 187 5351
107 189 5001
6 176 966
84 195 2381
108 126 8973
25 81 5244
51 162 34
113 196 2240
69 192 7466
150 185 3298
44 128 5856
17 77 1550
68 134 7025
157 177 902
152 168 6158
59 70 2036
14 100 2367
72 87 3712
17 134 7335
148 163 5989
1 65 6395
23 150 8388
93 98 2018
20 163 2389
95 98 1484
140 193 1745
72 107 5586
29 199 2928
31 138 945
56 172 8579
4 127 7686
15 21 2258
134 159 5512
9 105 2627
10 67 6265
39 84 9039
90 166 4298
5 89 7269
10 37 8577
52 80 2458
57 174 6475
71 88 7223
21 184 7025
1 104 4016
70 119 4045
36 155 2134
10 192 1977
140 163 5852
13 187 1932
12 110 9002
59 118 3875
145 181 9875
30 114 9345
6 33 7575
93 150 6790
4 106 4504
3 192 7041
67 183 7804
3 23 1093
90 138 2391
86 155 669
89 157 2758
30 169 6671
34 190 2187
174 197 6449
3 96 8956
51 87 4191
86 188 7002
89 114 1864
37 185 8770
106 174 6555
29 50 5830
94 193 8676
81 194 5961
43 52 8759
86 119 3644
1 72 4360
77 192 8811
17 41 4544
134 177 343
13 189 1393
4 166 4082
5 140 1283
70 197 4796
19 65 9238
109 164 880
25 36 2903
18 48 1133
27 59 5630
104 118 4101
130 139 3357
143 164 5848
124 164 3576
29 73 1358
5 130 1188
19 131 6791
60 180 3378
14 69 4834
120 157 8201
143 192 8864
116 156 1445
24 44 7702
9 137 2609
52 150 9284
13 190 5189
84 96 9033
79 195 9344
96 159 1698
19 137 7044
157 171 3094
80 124 8403
35 153 6643
151 194 4381
114 144 2679
104 172 5895
91 175 686
2 112 1051
58 120 9134
96 117 4194
50 157 1012
18 115 1250
27 52 7500
12 158 3543
7 153 834
47 86 547
123 199 3884
98 156 8661
57 154 7940
64 120 6203
9 114 1335
22 112 9831
20 195 1902
37 188 4290
5 19 6703
40 173 3459
51 155 3364
96 114 1821
27 88 5110
63 66 1756
64 156 3057
77 162 6926
32 87 5223
131 135 1714
20 89 3969
28 178 7074
7 168 6602
21 151 9983
170 193 6634
152 192 9984
46 112 178
61 139 1338
109 179 3100
49 157 1518
132 146 8480
59 137 5366
48 70 5110
103 184 7150
4 196 2384
174 193 3522
23 113 7731
83 173 3979
7 94 7609
142 191 9768
4 188 7015
150 164 2942
33 71 6495
60 199 6048
54 165 3301
11 39 7997
128 159 7554
45 142 8125
79 194 7290
91 180 313
45 106 126
8 139 6253
90 154 5153
130 178 4798
21 153 7883
31 176 1578
28 175 4271
77 164 3781
180 181 3148
94 122 2013
9 128 3366
57 73 7666
9 89 2210
171 191 2760
51 199 8980
127 194 8104
16 195 2521
22 198 4890
105 159 6340
32 180 2771
9 40 888
140 164 2318
26 28 7641
23 172 2491
35 52 5875
143 177 9866
142 148 7944
28 117 2293
62 100 6731
13 40 7585
100 107 2045
31 67 9267
26 66 9738
66 68 8483
132 155 7715
58 134 2034
112 139 5561
126 135 2330
63 96 9918
20 64 4873
34 119 3116
34 200 1981
73 168 2466
158 182 4542
93 103 866
4 5 3279
105 113 7436
58 166 674
47 92 4648
35 190 9966
54 145 6486
2 196 9938
35 72 8630
28 68 935
5 39 7446
65 146 1639
70 193 3870
16 48 8015
42 162 4221
9 125 1365
36 157 3234
90 141 5033
9 142 8586
40 46 2861
73 162 1756
17 98 7413
149 182 1718
29 83 1341
38 141 7829
30 53 6429
32 167 9047
72 197 3773
77 158 5378
100 136 2760
18 118 4672
167 169 6146
60 76 6848
129 187 2552
129 137 3550
137 143 2348
21 52 2733
98 163 638
6 135 2186
69 174 4314
53 185 5297
119 174 1619
123 135 8171
115 141 8243
49 94 2046
67 108 8287
66 199 2675
153 154 1020
72 102 198
5 147 7909
88 165 7328
52 97 391
100 141 884
66 155 1202
24 42 7451
120 190 8896
7 187 7567
34 153 8291
138 151 5210
38 142 5681
15 174 9917
40 147 2878
12 106 2335
116 118 93
89 197 636
40 131 9830
92 194 9545
64 131 8694
88 160 3288
10 179 2410
16 158 3392
26 42 4953
3 19 42
47 50 6132
158 186 5179
15 95 3775
3 133 6661
6 43 2092
89 170 4076
44 164 684
15 26 985
54 183 8340
52 116 2304
29 55 3697
119 192 2049
74 194 2700
69 141 2210
48 152 1099
94 129 4663
34 150 4878
63 89 5575
47 187 8340
26 152 8190
28 31 1089
25 83 8033
164 198 7616
85 101 7397
43 99 9047
97 155 6798
38 42 3360
31 63 3048
50 193 3329
20 84 1352
92 127 3456
3 172 6704
127 172 7704
12 69 2981
85 169 3322
40 137 2048
38 160 3380
23 31 6198
55 129 3394
70 88 5961
24 123 5463
9 25 6698
80 87 9306
16 50 2725
83 170 6225
88 198 9050
34 155 1358
141 169 301
99 177 2300
56 87 6461
30 82 4184
17 164 7413
8 105 3151
19 199 5812
40 189 3563
34 70 3772
12 24 6685
69 71 9228
7 96 217
53 118 1295
96 151 6132
50 121 4321
150 153 6111
31 164 597
79 128 5328
61 80 4168
122 164 5589
71 115 1698
78 92 792
2 129 1506
44 161 1345
8 12 1254
30 115 9710
8 194 701
74 113 1827
47 142 5070
23 88 2930
15 75 2501
40 104 7769
50 89 1600
81 109 1358
78 103 7805
71 116 9259
4 21 2881
74 192 9513
17 93 1016
14 59 1933
1 54 3233
45 95 4981
90 102 5445
158 185 146
169 183 1995
42 45 2707
42 91 9708
88 110 2821
20 197 7255
72 117 5004
37 131 1557
135 170 3968
41 162 7177
176 178 7656
12 28 6079
116 184 4807
28 94 4466
22 139 7449
70 71 5803
87 168 556
36 120 3789
76 88 4367
128 161 2849
23 102 2043
21 50 1441
108 199 5395
82 196 3159
13 62 2157
84 184 2435
22 157 5310
5 103 1535
26 37 343
34 118 5187
54 177 2114
9 28 7671
125 200 8715
90 193 2732
160 186 3022
26 133 9609
24 130 7107
67 143 1367
19 144 8492
99 194 4971
21 196 4395
62 119 9207
82 156 4308
54 63 9615
3 195 3206
75 79 8955
4 31 6344
7 18 498
24 32 7333
155 193 3809
87 144 8919
111 188 8462
4 163 9509
30 112 784
62 193 1373
4 24 5226
25 188 2768
142 166 9675
71 147 2688
9 62 3335
110 146 4490
154 181 9267
122 152 7554
60 197 1747
163 180 6179
37 111 9172
75 171 660
20 99 8664
25 38 6105
15 179 5700
73 188 9023
27 71 3388
2 80 1957
47 199 3193
78 85 235
99 130 960
37 60 5115
14 84 5091
30 152 1066
71 134 7971
4 123 3149
149 181 8140
12 176 1979
168 193 254
61 135 3575
34 81 8668
35 122 938
8 30 327
97 187 1378
33 78 6281
18 130 8477
68 200 7073
13 109 5827
170 178 4257
171 197 7782
29 91 2665
106 111 4267
41 132 1665
29 44 8358
98 196 664
31 154 567
84 102 6640
78 95 54
82 89 470
4 61 6431
20 159 7090
63 115 5150
32 117 7043
85 186 7193
66 86 8999
80 171 976
85 191 3949
132 161 8149
6 53 3404
187 197 2555
19 29 431
18 62 3409
8 170 4359
19 191 3819
85 111 2862
74 147 5108
143 181 6477
155 200 8662
160 169 7021
150 158 1749
38 118 1485
36 90 9502
117 121 7960
69 122 6003
25 156 3108
29 102 2468
46 122 3019
62 63 396
69 117 4185
102 175 8657
17 185 7962
53 172 4601
12 88 2464
83 113 4701
46 137 3943
43 61 5246
69 93 3818
1 19 9050
15 38 4386
74 155 6093
143 176 4305
157 182 4343
15 100 7138
69 144 9650
13 17 5199
33 39 4432
16 135 6383
34 80 3622
170 197 4710
37 106 6234
30 69 1066
31 59 5406
80 119 6966
10 109 6426
18 104 5393
43 125 5883
13 185 6620
32 173 8493
17 160 2286
27 95 9114
84 97 7488
122 125 5519
88 135 1223
55 95 3475
104 190 37
77 188 1367
40 96 6894
28 76 8700
78 113 1834
86 186 6343
95 157 7776
120 147 4357
170 191 1309
72 158 9119
41 179 4279
36 162 7627
131 177 1077
23 95 9736
85 165 9130
8 181 9128
79 177 3509
98 117 5483
158 193 714
21 121 8031
122 150 9262
89 177 2489
9 157 804
20 27 8626
156 173 7867
44 157 19
161 162 8644
88 200 3854
90 158 4853
91 113 9410
68 121 303
20 143 8140
46 154 5214
110 131 4637
64 200 3670
54 171 592
14 168 24
31 97 3064
24 57 1767
56 77 3932
151 189 1886
136 150 7810
136 188 8302
95 110 7356
83 123 7640
21 47 5844
27 136 1886
178 197 9593
7 26 4554
54 166 2167
43 194 6619
98 170 8
175 193 2691
22 59 9708
21 171 8113
10 142 2570
54 196 1663
16 73 9780
72 179 1420
30 187 907
171 181 2663
55 149 3784
111 123 6720
6 187 7301
34 39 5950
92 168 3151
63 93 6736
19 139 3117
44 168 2372
53 190 8573
118 171 8697
56 123 4963
53 60 2661
21 69 4961
158 168 5878
30 52 324
21 115 7545
122 151 8020
101 134 4588
165 198 1066
7 23 7604
88 90 2271
37 121 7517
154 167 4264
8 62 8581
61 176 9251
28 95 1464
159 177 4129
118 161 1977
169 195 4129
10 46 6949
185 186 176
71 160 919
81 160 5714
47 128 8827
124 153 8814
37 191 3811
118 155 3629
4 48 7707
51 126 6545
170 194 8622
10 39 310
84 105 3444
113 184 5674
137 183 9410
3 197 8731
129 176 688
146 165 4853
45 140 9208
3 105 9608
10 175 788
44 124 2139
103 124 7108
42 56 9858
43 146 6834
22 111 9489
6 87 1878
24 47 366
154 158 3080
87 95 3335
12 172 857
32 198 3033
7 35 2864
62 146 9644
31 161 8773
90 134 351
92 108 6447
115 135 9687
36 87 591
162 197 7479
86 174 745
13 188 5838
18 128 1061
12 93 403
49 170 4505
44 194 8977
1 33 5989
66 69 6434
17 133 5564
145 149 9661
105 140 6981
42 199 8639
115 144 3189
74 136 7163
37 88 58
70 149 8146
58 145 6072
65 135 5841
12 121 3284
13 178 6988
42 116 3266
104 120 446
18 65 9502
3 180 5614
31 80 8268
65 168 6448
80 152 4529
28 165 7536
45 176 4094
50 161 3935
9 35 9551
17 191 9724
13 39 232
68 71 4033
11 193 5594
57 101 9059
174 175 5064
123 141 327
12 133 5405
141 156 3460
25 150 3561
69 84 4765
161 175 2048
3 182 5691
45 136 8113
37 104 7499
43 109 3670
47 115 2893
63 142 352
29 167 9240
61 156 4976
56 126 5598
132 158 7013
45 63 2724
35 197 2729
48 107 9070
13 49 2491
155 170 6875
23 177 4570
23 98 5190
14 29 4358
164 185 6872
185 188 9718
76 192 9005
86 125 2025
36 137 2253
58 96 2813
142 179 103
140 149 6385
45 184 5405
72 154 4283
74 124 8818
129 196 4745
92 176 8260
90 176 7064
152 176 1561
50 148 9958
129 136 9196
130 200 2168
106 121 84
99 128 9482
70 135 8152
33 159 9354
50 156 2900
123 166 2931
108 136 7658
22 136 4506
82 96 5289
19 95 2939
63 87 831
20 71 8897
126 130 4846
85 163 4520
45 192 5279
72 162 8194
10 143 2042
87 109 3275
7 74 7376
25 55 5854
32 38 975
17 53 8883
155 168 2435
26 98 3935
71 168 1740
58 93 3866
1 110 788
44 84 9374
1 52 4060
6 107 7812
105 194 1915
119 131 5535
150 168 9319
92 137 277
6 76 191
50 175 6897
11 56 8142
3 107 2170
50 92 9744
47 53 1345
72 92 4241
9 113 6173
65 131 6298
98 153 6662
100 197 7195
20 63 5475
35 43 631
36 39 5701
21 102 242
44 160 3680
49 54 7756
15 80 2540
139 167 8266
57 118 2127
34 132 8792
72 128 2680
5 156 4001
143 178 9292
64 85 8747
29 66 9938
32 152 1219
51 137 8845
82 173 4475
40 165 764
14 110 8277
63 197 850
91 150 6590
25 141 7238
68 92 9723
100 168 1643
116 174 9237
112 149 5517
13 137 5044
4 174 2368
7 55 5949
97 158 6169
7 171 2075
14 136 665
114 152 9087
144 172 6572
121 144 8631
22 177 1014
46 108 7502
25 142 4312
185 197 3257
71 106 2693
107 122 5470
94 154 9064
24 29 994
118 143 1937
15 195 5545
62 105 3331
4 72 9149
72 125 9375
31 92 8234
25 57 9535
108 182 8255
41 97 5249
96 164 7733
145 170 2553
115 152 9660
93 148 5270
19 133 8938
191 200 768
38 198 4899
44 71 5318
19 190 6072
24 167 3801
7 108 1871
97 106 3752
7 115 8278
5 48 4298
9 12 5847
82 198 3278
150 152 3273
23 174 690
15 158 8700
49 142 2917
127 174 8147
115 134 4173
51 139 2799
122 154 4007
100 102 4816
159 200 3283
14 140 7579
4 121 9339
51 62 3705
111 142 1607
136 193 5237
72 111 3282
7 61 6547
73 100 778
124 131 9121
8 176 1658
170 195 5263
101 141 1064
2 123 158
98 137 6893
67 168 5498
27 48 4023
13 95 3655
124 162 6481
88 128 1597
26 184 445
48 54 8610
141 142 6551
35 97 5340
108 142 5882
12 66 3107
54 185 7678
87 175 9512
37 156 9320
33 178 2040
124 163 3647
135 178 7198
3 124 7136
127 133 924
41 188 2289
96 184 1624
72 144 1429
34 137 3287
99 165 7301
5 35 1722
98 166 2393
106 153 2890
10 94 8568
31 196 3780
62 134 9525
114 177 6325
98 99 9190
14 179 3284
69 137 7059
30 139 3651
3 190 9747
68 105 6051
45 177 6807
74 100 8330
