200 6000
122 142 8527
60 144 284
22 179 8396
112 113 188
54 74 4087
15 70 2768
53 116 4829
77 136 312
140 144 3952
140 194 8335
1 66 7747
4 17 312
69 183 55
124 182 5914
194 198 8505
20 48 1274
8 147 2103
136 170 1836
80 195 4422
170 184 7097
37 140 5189
76 133 4144
39 148 1407
126 181 6172
149 154 4835
70 164 3689
62 198 7572
5 200 9319
94 184 4096
63 74 4714
96 136 9984
152 180 6663
150 196 8260
54 168 7758
108 116 3307
10 35 3991
26 130 2517
8 51 5263
60 191 2826
17 135 5903
30 149 791
23 160 7537
15 133 2748
12 147 3970
95 153 3062
12 184 6774
21 167 7645
4 95 1694
193 197 6908
12 116 9290
29 38 9172
24 135 1086
133 166 6816
25 112 2422
168 179 7175
71 86 6217
168 194 5203
47 122 4111
27 85 8211
14 71 4818
34 40 6931
23 43 4998
44 184 5079
96 142 2568
45 162 7674
157 187 5351
107 189 5001
6 176 966
84 195 2381
108 126 8973
25 81 5244
51 162 34
113 196 2240
69 192 7466
150 185 3298
44 128 5856
17 77 1550
68 134 7025
157 177 902
152 168 6158
59 70 2036
14 100 2367
72 87 3712
17 134 7335
148 163 5989
1 65 6395
23 150 8388
93 98 2018
20 163 2389
95 98 1484
140 193 1745
72 107 5586
29 199 2928
31 138 945
56 172 8579
4 127 7686
15 21 2258
134 159 5512
9 105 2627
10 67 6265
39 84 9039
90 166 4298
5 89 7269
10 37 8577
52 80 2458
57 174 6475
71 88 7223
21 184 7025
1 104 4016
70 119 4045
36 155 2134
10 192 1977
140 163 5852
13 187 1932
12 110 9002
59 118 3875
145 181 9875
30 114 9345
6 33 7575
93 150 6790
4 106 4504
3 192 7041
67 183 7804
3 23 1093
90 138 2391
86 155 669
89 157 2758
30 169 6671
34 190 2187
174 197 6449
3 96 8956
51 87 4191
86 188 7002
89 114 1864
37 185 8770
106 174 6555
29 50 5830
94 193 8676
81 194 5961
43 52 8759
86 119 3644
1 72 4360
77 192 8811
17 41 4544
134 177 343
13 189 1393
4 166 4082
5 140 1283
70 197 4796
19 65 9238
109 164 880
25 36 2903
18 48 1133
27 59 5630
104 118 4101
130 139 3357
143 164 5848
124 164 3576
29 73 1358
5 130 1188
19 131 6791
60 180 3378
14 69 4834
120 157 8201
143 192 8864
116 156 1445
24 44 7702
9 137 2609
52 150 9284
13 190 5189
84 96 9033
79 195 9344
96 159 1698
19 137 7044
157 171 3094
80 124 8403
35 153 6643
151 194 4381
114 144 2679
104 172 5895
91 175 686
2 112 1051
58 120 9134
96 117 4194
50 157 1012
18 115 1250
27 52 7500
12 158 3543
7 153 834
47 86 547
123 199 3884
98 156 8661
57 154 7940
64 120 6203
9 114 1335
22 112 9831
20 195 1902
37 188 4290
5 19 6703
40 173 3459
51 155 3364
96 114 1821
27 88 5110
63 66 1756
64 156 3057
77 162 6926
32 87 5223
131 135 1714
20 89 3969
28 178 7074
7 168 6602
21 151 9983
170 193 6634
152 192 9984
46 112 178
61 139 1338
109 179 3100
49 157 1518
132 146 8480
59 137 5366
48 70 5110
103 184 7150
4 196 2384
174 193 3522
23 113 7731
83 173 3979
7 94 7609
142 191 9768
4 188 7015
150 164 2942
33 71 6495
60 199 6048
54 165 3301
11 39 7997
128 159 7554
45 142 8125
79 194 7290
91 180 313
45 106 126
8 139 6253
90 154 5153
130 178 4798
21 153 7883
31 176 1578
28 175 4271
77 164 3781
180 181 3148
94 122 2013
9 128 3366
57 73 7666
9 89 2210
171 191 2760
51 199 8980
127 194 8104
16 195 2521
22 198 4890
105 159 6340
32 180 2771
9 40 888
140 164 2318
26 28 7641
23 172 2491
35 52 5875
143 177 9866
142 148 7944
28 117 2293
62 100 6731
13 40 7585
100 107 2045
31 67 9267
26 66 9738
66 68 8483
132 155 7715
58 134 2034
112 139 5561
126 135 2330
63 96 9918
20 64 4873
34 119 3116
34 200 1981
73 168 2466
158 182 4542
93 103 866
4 5 3279
105 113 7436
58 166 674
47 92 4648
35 190 9966
54 145 6486
2 196 9938
35 72 8630
28 68 935
5 39 7446
65 146 1639
70 193 3870
16 48 8015
42 162 4221
9 125 1365
36 157 3234
90 141 5033
9 142 8586
40 46 2861
73 162 1756
17 98 7413
149 182 1718
29 83 1341
38 141 7829
30 53 6429
32 167 9047
72 197 3773
77 158 5378
100 136 2760
18 118 4672
167 169 6146
60 76 6848
129 187 2552
129 137 3550
137 143 2348
21 52 2733
98 163 638
6 135 2186
69 174 4314
53 185 5297
119 174 1619
123 135 8171
115 141 8243
49 94 2046
67 108 8287
66 199 2675
153 154 1020
72 102 198
5 147 7909
88 165 7328
52 97 391
100 141 884
66 155 1202
24 42 7451
120 190 8896
7 187 7567
34 153 8291
138 151 5210
38 142 5681
15 174 9917
40 147 2878
12 106 2335
116 118 93
89 197 636
40 131 9830
92 194 9545
64 131 8694
88 160 3288
10 179 2410
16 158 3392
26 42 4953
3 19 42
47 50 6132
158 186 5179
15 95 3775
3 133 6661
6 43 2092
89 170 4076
44 164 684
15 26 985
54 183 8340
52 116 2304
29 55 3697
119 192 2049
74 194 2700
69 141 2210
48 152 1099
94 129 4663
34 150 4878
63 89 5575
47 187 8340
26 152 8190
28 31 1089
25 83 8033
164 198 7616
85 101 7397
43 99 9047
97 155 6798
38 42 3360
31 63 3048
50 193 3329
20 84 1352
92 127 3456
3 172 6704
127 172 7704
12 69 2981
85 169 3322
40 137 2048
38 160 3380
23 31 6198
55 129 3394
70 88 5961
24 123 5463
9 25 6698
80 87 9306
16 50 2725
83 170 6225
88 198 9050
34 155 1358
141 169 301
99 177 2300
56 87 6461
30 82 4184
17 164 7413
8 105 3151
19 199 5812
40 189 3563
34 70 3772
12 24 6685
69 71 9228
7 96 217
53 118 1295
96 151 6132
50 121 4321
150 153 6111
31 164 597
79 128 5328
61 80 4168
122 164 5589
71 115 1698
78 92 792
2 129 1506
44 161 1345
8 12 1254
30 115 9710
8 194 701
74 113 1827
47 142 5070
23 88 2930
15 75 2501
40 104 7769
50 89 1600
81 109 1358
78 103 7805
71 116 9259
4 21 2881
74 192 9513
17 93 1016
14 59 1933
1 54 3233
45 95 4981
90 102 5445
158 185 146
169 183 1995
42 45 2707
42 91 9708
88 110 2821
20 197 7255
72 117 5004
37 131 1557
135 170 3968
41 162 7177
176 178 7656
12 28 6079
116 184 4807
28 94 4466
22 139 7449
70 71 5803
87 168 556
36 120 3789
76 88 4367
128 161 2849
23 102 2043
21 50 1441
108 199 5395
82 196 3159
13 62 2157
84 184 2435
22 157 5310
5 103 1535
26 37 343
34 118 5187
54 177 2114
9 28 7671
125 200 8715
90 193 2732
160 186 3022
26 133 9609
24 130 7107
67 143 1367
19 144 8492
99 194 4971
21 196 4395
62 119 9207
82 156 4308
54 63 9615
3 195 3206
75 79 8955
4 31 6344
7 18 498
24 32 7333
155 193 3809
87 144 8919
111 188 8462
4 163 9509
30 112 784
62 193 1373
4 24 5226
25 188 2768
142 166 9675
71 147 2688
9 62 3335
110 146 4490
154 181 9267
122 152 7554
60 197 1747
163 180 6179
37 111 9172
75 171 660
20 99 8664
25 38 6105
15 179 5700
73 188 9023
27 71 3388
2 80 1957
47 199 3193
78 85 235
99 130 960
37 60 5115
14 84 5091
30 152 1066
71 134 7971
4 123 3149
149 181 8140
12 176 1979
168 193 254
61 135 3575
34 81 8668
35 122 938
8 30 327
97 187 1378
33 78 6281
18 130 8477
68 200 7073
13 109 5827
170 178 4257
171 197 7782
29 91 2665
106 111 4267
41 132 1665
29 44 8358
98 196 664
31 154 567
84 102 6640
78 95 54
82 89 470
4 61 6431
20 159 7090
63 115 5150
32 117 7043
85 186 7193
66 86 8999
80 171 976
85 191 3949
132 161 8149
6 53 3404
187 197 2555
19 29 431
18 62 3409
8 170 4359
19 191 3819
85 111 2862
74 147 5108
143 181 6477
155 200 8662
160 169 7021
150 158 1749
38 118 1485
36 90 9502
117 121 7960
69 122 6003
25 156 3108
29 102 2468
46 122 3019
62 63 396
69 117 4185
102 175 8657
17 185 7962
53 172 4601
12 88 2464
83 113 4701
46 137 3943
43 61 5246
69 93 3818
1 19 9050
15 38 4386
74 155 6093
143 176 4305
157 182 4343
15 100 7138
69 144 9650
13 17 5199
33 39 4432
16 135 6383
34 80 3622
170 197 4710
37 106 6234
30 69 1066
31 59 5406
80 119 6966
10 109 6426
18 104 5393
43 125 5883
13 185 6620
32 173 8493
17 160 2286
27 95 9114
84 97 7488
122 125 5519
88 135 1223
55 95 3475
104 190 37
77 188 1367
40 96 6894
28 76 8700
78 113 1834
86 186 6343
95 157 7776
120 147 4357
170 191 1309
72 158 9119
41 179 4279
36 162 7627
131 177 1077
23 95 9736
85 165 9130
8 181 9128
79 177 3509
98 117 5483
158 193 714
21 121 8031
122 150 9262
89 177 2489
9 157 804
20 27 8626
156 173 7867
44 157 19
161 162 8644
88 200 3854
90 158 4853
91 113 9410
68 121 303
20 143 8140
46 154 5214
110 131 4637
64 200 3670
54 171 592
14 168 24
31 97 3064
24 57 1767
56 77 3932
151 189 1886
136 150 7810
136 188 8302
95 110 7356
83 123 7640
21 47 5844
27 136 1886
178 197 9593
7 26 4554
54 166 2167
43 194 6619
98 170 8
175 193 2691
22 59 9708
21 171 8113
10 142 2570
54 196 1663
16 73 9780
72 179 1420
30 187 907
171 181 2663
55 149 3784
111 123 6720
6 187 7301
34 39 5950
92 168 3151
63 93 6736
19 139 3117
44 168 2372
53 190 8573
118 171 8697
56 123 4963
53 60 2661
21 69 4961
158 168 5878
30 52 324
21 115 7545
122 151 8020
101 134 4588
165 198 1066
7 23 7604
88 90 2271
37 121 7517
154 167 4264
8 62 8581
61 176 9251
28 95 1464
159 177 4129
118 161 1977
169 195 4129
10 46 6949
185 186 176
71 160 919
81 160 5714
47 128 8827
124 153 8814
37 191 3811
118 155 3629
4 48 7707
51 126 6545
170 194 8622
10 39 310
84 105 3444
113 184 5674
137 183 9410
3 197 8731
129 176 688
146 165 4853
45 140 9208
3 105 9608
10 175 788
44 124 2139
103 124 7108
42 56 9858
43 146 6834
22 111 9489
6 87 1878
24 47 366
154 158 3080
87 95 3335
12 172 857
32 198 3033
7 35 2864
62 146 9644
31 161 8773
90 134 351
92 108 6447
115 135 9687
36 87 591
162 197 7479
86 174 745
13 188 5838
18 128 1061
12 93 403
49 170 4505
44 194 8977
1 33 5989
66 69 6434
17 133 5564
145 149 9661
105 140 6981
42 199 8639
115 144 3189
74 136 7163
37 88 58
70 149 8146
58 145 6072
65 135 5841
12 121 3284
13 178 6988
42 116 3266
104 120 446
18 65 9502
3 180 5614
31 80 8268
65 168 6448
80 152 4529
28 165 7536
45 176 4094
50 161 3935
9 35 9551
17 191 9724
13 39 232
68 71 4033
11 193 5594
57 101 9059
174 175 5064
123 141 327
12 133 5405
141 156 3460
25 150 3561
69 84 4765
161 175 2048
3 182 5691
45 136 8113
37 104 7499
43 109 3670
47 115 2893
63 142 352
29 167 9240
61 156 4976
56 126 5598
132 158 7013
45 63 2724
35 197 2729
48 107 9070
13 49 2491
155 170 6875
23 177 4570
23 98 5190
14 29 4358
164 185 6872
185 188 9718
76 192 9005
86 125 2025
36 137 2253
58 96 2813
142 179 103
140 149 6385
45 184 5405
72 154 4283
74 124 8818
129 196 4745
92 176 8260
90 176 7064
152 176 1561
50 148 9958
129 136 9196
130 200 2168
106 121 84
99 128 9482
70 135 8152
33 159 9354
50 156 2900
123 166 2931
108 136 7658
22 136 4506
82 96 5289
19 95 2939
63 87 831
20 71 8897
126 130 4846
85 163 4520
45 192 5279
72 162 8194
10 143 2042
87 109 3275
7 74 7376
25 55 5854
32 38 975
17 53 8883
155 168 2435
26 98 3935
71 168 1740
58 93 3866
1 110 788
44 84 9374
1 52 4060
6 107 7812
105 194 1915
119 131 5535
150 168 9319
92 137 277
6 76 191
50 175 6897
11 56 8142
3 107 2170
50 92 9744
47 53 1345
72 92 4241
9 113 6173
65 131 6298
98 153 6662
100 197 7195
20 63 5475
35 43 631
36 39 5701
21 102 242
44 160 3680
49 54 7756
15 80 2540
139 167 8266
57 118 2127
34 132 8792
72 128 2680
5 156 4001
143 178 9292
64 85 8747
29 66 9938
32 152 1219
51 137 8845
82 173 4475
40 165 764
14 110 8277
63 197 850
91 150 6590
25 141 7238
68 92 9723
100 168 1643
116 174 9237
112 149 5517
13 137 5044
4 174 2368
7 55 5949
97 158 6169
7 171 2075
14 136 665
114 152 9087
144 172 6572
121 144 8631
22 177 1014
46 108 7502
25 142 4312
185 197 3257
71 106 2693
107 122 5470
94 154 9064
24 29 994
118 143 1937
15 195 5545
62 105 3331
4 72 9149
72 125 9375
31 92 8234
25 57 9535
108 182 8255
41 97 5249
96 164 7733
145 170 2553
115 152 9660
93 148 5270
19 133 8938
191 200 768
38 198 4899
44 71 5318
19 190 6072
24 167 3801
7 108 1871
97 106 3752
7 115 8278
5 48 4298
9 12 5847
82 198 3278
150 152 3273
23 174 690
15 158 8700
49 142 2917
127 174 8147
115 134 4173
51 139 2799
122 154 4007
100 102 4816
159 200 3283
14 140 7579
4 121 9339
51 62 3705
111 142 1607
136 193 5237
72 111 3282
7 61 6547
73 100 778
124 131 9121
8 176 1658
170 195 5263
101 141 1064
2 123 158
98 137 6893
67 168 5498
27 48 4023
13 95 3655
124 162 6481
88 128 1597
26 184 445
48 54 8610
141 142 6551
35 97 5340
108 142 5882
12 66 3107
54 185 7678
87 175 9512
37 156 9320
33 178 2040
124 163 3647
135 178 7198
3 124 7136
127 133 924
41 188 2289
96 184 1624
72 144 1429
34 137 3287
99 165 7301
5 35 1722
98 166 2393
106 153 2890
10 94 8568
31 196 3780
62 134 9525
114 177 6325
98 99 9190
14 179 3284
69 137 7059
30 139 3651
3 190 9747
68 105 6051
45 177 6807
74 100 8330
42 111 4994
87 125 8662
131 163 2175
44 53 3070
118 177 1009
44 198 2476
73 74 8360
42 106 6029
31 40 4761
35 135 3556
24 98 314
14 129 6146
50 74 928
31 191 9735
25 118 1529
4 171 84
129 193 9881
100 187 8952
15 36 1493
118 145 3830
96 156 768
7 8 3673
39 186 745
36 76 6983
74 138 2385
43 78 6566
178 181 141
88 129 626
26 92 6992
71 85 5658
141 190 2181
4 14 29
35 103 2992
58 60 744
70 114 1010
64 118 3260
104 185 6094
42 59 8033
106 145 4303
48 80 157
21 166 4869
154 195 2834
92 195 7395
31 197 9355
73 181 6042
31 152 4933
55 73 8051
182 195 2461
105 151 607
1 20 3085
4 74 1327
128 175 9494
166 168 3250
13 165 8813
16 49 6146
10 56 4869
98 158 269
46 140 1632
23 149 5188
78 168 2501
26 161 6342
34 113 192
55 134 58
14 45 2348
115 181 1934
90 161 9313
52 67 1907
28 70 8574
85 174 8661
72 88 6325
80 153 8235
42 190 41
108 161 8498
6 133 3128
46 142 7641
1 6 5816
47 194 3101
19 26 3267
23 188 6291
98 157 866
100 126 9287
3 73 8123
126 166 8758
135 150 1050
32 63 157
99 148 81
44 195 8625
26 175 6335
19 198 4715
142 185 2849
17 42 7737
61 121 1884
127 184 614
158 159 7510
19 93 2004
166 194 2007
79 89 3439
61 199 4643
30 61 4609
31 73 916
5 40 4661
81 141 1113
58 188 1468
27 34 7232
49 197 401
42 158 6149
80 81 2861
137 145 8873
61 71 5657
154 184 4401
139 157 5160
57 165 4899
37 82 3808
104 115 7216
42 130 4268
11 15 7746
182 193 2643
162 195 3045
109 180 229
83 136 6885
3 111 7819
120 200 3739
70 145 5868
117 189 3926
17 72 9631
109 182 3547
197 200 9813
148 198 413
56 133 1665
83 165 620
144 146 5870
170 179 2413
51 66 2591
177 184 8700
110 167 3396
13 104 116
6 183 4482
42 169 7226
60 160 4015
51 102 6557
22 85 880
15 130 1614
154 192 2723
55 79 6703
9 164 139
131 138 525
79 159 7487
10 165 7981
19 59 2082
11 77 2424
21 116 7696
106 135 102
5 102 4221
18 151 6972
48 61 3421
34 167 7397
166 167 7907
193 199 3393
48 97 2282
102 166 2592
107 179 998
9 117 1357
61 144 7128
28 125 3274
83 134 5635
32 192 6688
24 146 1489
29 171 4083
23 44 7188
38 193 9767
21 107 143
4 83 4981
117 139 5088
72 79 1803
60 106 5123
42 142 8647
26 102 8936
68 162 3970
8 46 1664
35 36 3772
115 139 7930
139 151 1019
46 86 304
24 54 3187
74 137 3248
153 164 7764
75 92 1243
77 125 1287
55 75 8032
13 89 1286
3 184 2902
146 177 1646
17 187 8363
24 178 3509
75 162 7904
49 60 2859
13 31 5056
84 110 4147
45 193 2372
12 40 3678
13 146 4121
23 123 7404
52 91 6044
89 108 8337
5 55 3754
86 96 5480
59 114 2122
1 80 5643
169 178 4471
74 153 1550
7 62 8127
97 190 1823
44 156 3261
29 149 782
60 193 2022
12 76 8028
154 199 2309
44 70 1557
107 165 4872
28 199 7132
73 85 7287
32 107 5083
102 111 8775
72 178 5368
84 90 4307
30 73 2886
5 145 7941
136 173 3072
24 158 1272
6 197 4838
93 119 1821
14 22 1525
71 159 31
3 27 1848
95 188 7991
95 159 6577
40 122 9358
130 142 3381
31 44 8166
90 106 7291
42 46 167
2 91 9811
24 138 8427
64 176 1382
74 87 5833
148 181 1745
21 88 434
99 172 129
23 169 2428
49 176 6333
27 30 8994
83 86 5622
53 73 6568
86 97 6256
9 20 623
50 99 9629
85 149 9596
159 169 3374
75 181 9529
86 143 6040
79 192 2777
12 186 6136
85 127 3692
139 179 471
160 176 3286
131 161 2892
15 168 6944
54 77 1124
16 156 140
188 192 7714
50 94 5784
14 106 6806
49 195 1994
100 157 5519
29 112 1125
48 110 5312
139 180 1487
69 151 8627
24 65 1203
23 105 7537
73 87 3781
62 108 4765
95 193 5305
67 155 5523
15 156 9314
99 154 9892
33 50 8315
37 173 9454
15 37 2007
30 41 3550
52 103 3034
30 167 1973
17 183 8292
22 89 4571
118 165 2064
39 192 5909
27 183 5872
94 137 5016
167 176 3014
38 74 9163
28 169 2419
114 184 6446
29 98 1120
41 133 9949
11 111 5070
84 169 4594
59 157 9469
93 180 6702
52 79 4143
28 168 9766
148 174 9146
51 127 2989
123 134 5695
107 121 7605
40 130 1263
86 196 5828
39 60 4726
70 120 4696
9 74 9806
154 168 7947
163 191 4004
197 198 69
16 167 4585
38 122 4693
12 52 8008
30 146 9213
1 95 6954
25 174 2383
84 165 7851
47 81 779
2 63 8858
52 164 4886
31 187 596
85 118 4554
13 153 5005
169 184 8240
87 113 4739
6 81 4430
148 152 5859
5 138 5648
107 147 7944
35 142 6040
5 33 8231
21 193 8373
65 148 5580
153 181 4756
16 80 2402
140 155 8073
52 54 3476
38 71 4060
5 69 6662
32 66 7364
54 115 6131
88 175 4277
3 28 7317
26 60 7176
55 90 3414
3 32 9358
44 132 5210
68 99 8053
95 150 3976
52 160 7431
83 177 2892
3 83 7173
33 68 3759
132 171 7238
4 29 817
17 167 4671
31 99 7819
33 199 8177
21 31 775
120 198 6934
119 122 4043
69 198 3017
6 148 506
32 51 3656
30 199 4458
54 187 4203
44 68 6803
45 196 7410
40 101 6460
113 193 8384
58 81 677
24 52 4649
119 179 9155
99 175 60
39 200 3520
115 167 6016
47 63 3007
59 135 2384
160 195 687
62 85 231
46 103 2615
69 155 4762
138 159 5004
41 156 8519
78 141 9075
21 66 7777
14 18 6618
15 188 3529
42 147 1348
5 186 2604
109 161 8312
62 76 4495
1 68 4888
22 53 955
33 161 7170
79 164 2424
104 134 2505
82 160 4154
48 190 8305
15 77 3678
96 126 8189
62 102 3827
1 97 648
33 67 3753
158 166 853
28 123 459
35 45 168
26 177 6955
78 130 8896
91 163 4817
18 54 6395
37 66 4308
95 106 1288
64 143 1717
160 192 842
137 173 574
27 56 2865
79 143 3069
69 169 8552
40 170 575
33 60 5983
54 159 7023
107 139 1719
165 174 348
34 52 3327
97 113 7116
92 142 3041
47 129 2947
53 98 3515
99 199 4289
161 173 7758
145 179 4798
101 140 6792
52 170 9094
58 89 5602
74 146 8853
29 152 9225
14 24 2129
133 181 2317
16 114 2746
8 16 3420
9 185 195
105 110 8956
46 68 4829
50 62 4522
33 66 1927
45 185 3061
43 67 7528
8 133 601
110 137 3624
51 194 6381
76 79 6257
104 158 460
44 183 969
62 182 7860
42 54 125
141 147 9039
7 98 3453
110 178 2085
86 197 6042
125 127 430
1 85 5583
11 115 696
34 92 7842
34 87 4013
103 195 6505
100 116 1569
25 160 6669
50 167 9279
60 156 1952
5 31 3105
153 168 7437
18 66 6993
16 180 8883
128 158 8611
101 139 9953
38 94 2606
50 81 1569
122 168 9006
41 67 3797
33 134 4763
15 157 4643
12 122 4551
45 148 175
49 79 2666
112 189 988
16 185 7214
84 162 8610
106 143 8714
1 99 5534
33 58 6350
46 83 1676
12 20 4275
14 40 6021
169 174 6272
16 36 7961
33 53 5212
140 143 3068
9 143 343
168 189 8608
143 145 1782
25 61 8278
9 92 4818
182 183 2083
8 175 8112
82 118 1652
141 157 287
6 194 2530
120 168 3908
56 191 5971
37 116 5173
26 189 1879
19 111 3591
18 50 9405
77 183 1127
15 66 8
111 139 9643
38 69 9382
37 47 4950
10 49 4202
92 174 2654
11 22 2542
134 148 7038
116 146 4507
54 119 5225
28 118 2739
45 94 7253
15 122 4997
113 157 9364
146 194 3870
45 183 721
44 181 9695
28 56 4511
19 72 9684
47 189 9969
40 139 6894
60 158 4425
60 152 6100
63 101 5922
134 200 6878
69 142 9339
48 91 4077
151 186 5065
50 188 2348
77 121 3404
96 178 9271
58 90 6717
6 39 8126
79 193 6509
7 38 999
39 182 3244
31 140 4454
109 132 1387
60 139 2814
16 76 8963
180 189 6197
103 117 7074
52 193 2025
120 162 5561
11 67 6868
20 192 5670
32 52 7616
30 79 1730
95 180 3035
45 127 5466
149 189 8361
42 128 2542
57 151 5692
48 149 2732
24 94 1300
100 164 3210
45 84 4150
105 136 5573
9 130 3983
18 169 3484
16 37 6005
32 84 4139
26 170 1361
37 51 6616
127 155 3902
38 100 7536
147 198 8769
30 134 4496
54 98 9462
88 191 7987
71 122 2766
37 187 558
99 151 4170
20 136 2764
55 57 8247
54 155 5658
124 186 5111
68 74 4802
109 197 2162
131 197 4936
13 125 881
57 156 9655
102 164 4583
72 138 1209
121 198 6989
93 167 7912
173 175 1012
24 147 2391
112 142 1434
87 160 7360
54 141 7400
88 148 2236
137 155 657
19 112 3812
10 16 8731
35 77 5274
81 132 6939
32 70 614
29 163 1378
13 58 9185
24 108 9546
33 151 4676
88 138 2430
48 189 9406
85 112 7324
160 198 3320
16 109 4924
51 121 7769
70 85 5949
74 106 3192
15 102 3444
75 101 1061
11 148 180
115 156 7845
1 116 7772
9 115 9329
45 152 1843
64 99 9534
31 71 2612
18 189 2859
65 66 505
116 128 1997
49 103 9657
33 154 6745
145 148 4338
71 173 5126
8 159 5733
7 134 5217
33 89 451
19 80 7245
105 179 59
62 154 6945
15 169 7569
3 159 1759
136 194 2062
57 161 6709
140 182 5849
10 120 8918
134 172 4729
69 105 3590
29 100 8151
107 176 9815
185 192 3157
52 142 4438
24 149 4882
126 191 3349
77 177 969
99 113 7271
101 110 460
22 159 9710
103 196 7091
100 171 2084
19 160 3364
23 56 1467
7 123 9698
50 122 7125
10 155 8694
53 56 9938
92 165 4798
99 183 2589
8 185 1272
94 200 8086
20 149 4124
2 55 5486
88 168 6620
39 114 9764
34 181 4461
53 195 1745
91 173 1411
23 48 3349
62 82 8413
64 71 576
31 194 5174
42 82 7264
112 191 3399
29 58 4094
39 68 9164
21 134 3095
34 182 6365
36 64 5627
63 79 6665
64 155 776
95 144 4594
45 97 6691
20 133 3483
13 170 2443
162 186 83
20 57 7102
161 177 2382
118 175 7112
62 66 5367
34 67 7152
17 104 4312
95 120 1873
22 86 7573
132 196 1672
6 27 1259
66 102 6226
31 88 6044
1 134 4019
11 180 5895
24 175 4022
7 191 346
88 133 8728
1 9 8551
19 94 2819
60 84 3096
127 179 1595
4 178 9746
59 115 8699
147 166 5306
17 63 3069
6 134 8970
4 22 2075
142 167 8881
21 168 7992
3 106 94
33 168 8605
40 154 3595
23 167 2949
163 184 890
157 159 1272
64 76 8176
29 172 8888
7 170 3635
92 128 7565
105 134 8021
102 103 7057
137 165 2878
41 101 3370
7 68 2379
18 181 43
40 91 9272
21 147 7497
57 59 9582
66 164 7198
153 189 4509
21 180 7376
2 119 3720
79 140 7663
77 167 2499
48 179 4320
173 189 606
42 68 1884
89 131 3966
104 138 3176
46 54 7328
72 183 4307
39 79 3901
101 115 8321
38 162 4491
20 141 6698
12 164 105
28 100 9586
47 80 968
26 53 4790
39 147 7995
45 124 5595
12 198 2237
54 94 199
134 151 3268
96 199 2572
32 137 8185
28 49 6552
75 89 5124
54 174 3950
108 147 3258
120 178 3218
26 65 1814
63 156 4374
25 71 4825
4 175 2167
42 105 3521
138 193 3271
43 45 1914
33 170 3513
69 109 791
18 20 1727
83 128 926
58 171 9715
179 193 1367
12 39 3575
53 136 7251
175 196 7389
34 82 7212
3 183 2837
26 62 1713
109 171 1002
60 164 8686
163 188 6619
46 190 5069
19 23 4347
35 140 5518
126 151 3288
27 109 727
104 106 8363
113 119 1724
88 134 1636
9 138 2126
60 91 4243
84 122 8387
50 190 7478
80 173 649
38 134 8598
53 200 378
29 165 9088
50 59 349
108 119 3012
126 178 4339
117 148 8991
66 178 9820
35 175 9769
64 103 2573
161 186 9966
39 188 4434
86 98 8749
21 154 6403
86 153 962
6 60 9849
84 200 3891
69 72 621
132 199 445
44 148 9444
1 145 6365
13 135 5260
99 124 8589
66 70 7493
76 142 8372
34 106 5424
146 157 4572
61 63 6089
31 133 274
25 60 1300
61 127 8432
16 32 9049
74 81 8522
25 69 5326
37 94 1243
58 139 7257
52 200 9053
53 164 7586
69 112 5386
52 121 2234
82 142 5781
165 170 4607
1 139 2247
23 99 3290
6 80 8123
3 188 2094
95 161 8585
85 147 6113
75 128 5763
100 154 8935
82 101 9425
2 48 4051
31 124 6732
101 126 1742
36 88 6237
5 148 8515
16 108 9699
11 181 656
113 197 7174
10 30 8668
51 185 463
98 198 6777
9 177 2596
108 191 1496
9 23 2661
52 128 9775
18 36 6039
123 197 6524
124 172 9459
14 47 1590
86 163 4942
40 190 5544
110 143 1606
56 193 316
60 120 8786
11 168 3609
101 102 935
53 62 6780
19 20 1801
58 194 3784
52 74 5752
89 176 1310
25 161 5062
54 182 122
7 72 617
28 90 4435
132 178 997
1 59 8512
140 147 8007
65 157 6539
180 197 6226
65 163 6999
159 186 7578
14 105 3585
57 115 17
97 193 3080
60 81 884
21 70 3211
114 170 5717
8 165 1191
25 96 4599
7 131 6557
32 140 844
110 121 6277
42 65 254
74 102 5093
118 167 6030
4 47 5408
16 92 7296
6 88 6574
39 176 8004
59 127 4223
18 178 4466
13 70 3504
42 125 8013
45 121 6969
44 131 196
94 110 4284
101 145 8936
39 128 286
173 196 3650
44 50 1346
75 147 4447
35 152 1834
58 172 2466
39 183 9645
7 156 2216
6 37 2503
5 187 1146
169 181 9811
34 57 8277
143 197 8985
22 133 601
162 168 1848
123 156 8819
15 144 4578
26 200 8347
74 111 3482
123 126 5117
70 138 174
113 114 5400
56 115 1204
72 135 1592
17 118 3478
40 178 7203
37 110 7038
91 171 8086
70 155 4128
116 197 3405
174 182 3529
106 140 2053
14 169 251
23 27 5057
55 118 357
82 153 319
44 77 8612
8 80 1736
186 188 2029
68 173 7545
87 121 3158
65 99 549
101 159 1831
11 83 9799
174 185 4644
47 126 601
148 150 439
20 68 9284
64 100 3135
22 187 1662
173 174 3643
26 148 9725
81 134 5157
29 57 2589
21 194 4014
118 135 6117
64 150 1213
61 160 2873
4 43 5975
71 114 2096
7 56 3678
49 66 9651
21 188 346
78 114 8107
2 124 5047
1 171 4279
67 141 4612
42 84 9327
29 131 9783
86 177 9004
25 177 1424
58 126 5828
147 154 980
4 93 887
49 149 9607
25 143 4442
145 152 3126
118 126 2422
151 188 3385
95 122 6272
64 112 396
12 162 9590
81 172 2887
64 136 9295
89 100 1219
75 142 5359
47 141 8571
187 200 4285
45 60 6244
23 82 4005
40 51 7997
43 128 7084
43 168 6852
11 190 9640
49 71 4206
42 188 8475
11 162 7252
73 195 2515
141 192 7694
100 138 7186
161 188 3553
28 196 1502
65 172 7672
64 196 1576
55 113 1059
174 189 5421
83 132 3698
56 171 1055
82 174 7472
78 134 1969
21 101 6432
105 127 2964
1 173 1816
55 196 9604
5 71 6608
137 174 274
82 175 1768
15 83 7216
36 125 5453
15 28 6878
5 179 5466
32 48 7815
14 126 9934
157 185 3706
101 125 4034
130 155 10
11 98 7126
56 86 1540
73 164 6272
97 195 4580
43 82 2340
50 114 2151
39 170 674
16 39 1149
177 182 7619
151 157 2918
73 86 7633
20 85 7642
1 190 1673
50 140 2102
41 72 9873
26 40 4298
40 43 3402
115 178 5091
8 112 7540
45 157 8329
12 21 4883
20 174 2727
27 188 438
111 157 7422
11 78 4386
181 188 9369
113 164 3856
53 106 8526
40 161 6699
79 94 698
18 19 3687
112 117 4233
53 198 4738
25 181 6984
28 82 8524
17 156 4443
31 142 4902
27 90 7165
132 181 1052
63 139 9018
53 109 3873
189 194 6062
1 15 3023
130 171 188
49 129 2396
35 58 3663
81 118 603
21 25 3616
95 185 1735
136 178 4139
16 68 5792
68 76 7074
123 131 339
133 171 6942
164 190 7867
52 87 3322
132 170 9786
55 140 5310
172 195 2150
152 158 5052
38 72 3427
88 117 1483
81 165 8964
16 146 1719
50 104 1826
64 159 5957
34 79 4040
104 130 4151
118 185 5347
59 163 8789
44 72 2669
19 186 3189
65 114 2660
8 114 7440
52 90 9773
160 191 8245
76 165 666
136 160 5433
1 137 9084
51 104 6677
29 33 8025
21 56 7533
3 100 5020
19 43 4162
68 155 287
94 171 1287
32 33 456
28 126 340
72 163 3079
38 120 1868
160 162 8091
2 23 991
33 128 2264
52 131 7567
105 152 5561
50 192 2098
57 126 6789
71 82 5372
73 156 7539
84 187 4906
6 77 2797
10 190 7198
128 194 2662
37 194 6430
68 152 1674
66 153 6027
40 159 1898
122 175 1682
70 177 7044
44 97 725
76 135 3893
59 113 455
42 189 3550
180 200 3993
12 63 5143
93 112 3671
152 186 5654
9 182 6674
25 32 6077
2 101 3051
24 125 6983
16 103 5365
89 127 8577
91 117 6951
126 136 40
35 92 4068
4 30 3862
69 99 4155
72 147 7180
19 76 3613
93 196 7358
94 190 1522
23 173 4450
5 57 650
62 126 2855
61 68 6196
41 89 980
2 17 4416
102 126 3639
75 157 3990
85 103 4634
171 175 2003
177 180 1685
17 79 7
103 199 1063
32 154 319
85 116 1842
41 64 1154
71 150 5449
8 40 9774
136 182 3898
169 200 721
25 195 155
83 122 5735
67 98 5190
147 175 8230
167 175 2740
65 184 5258
9 110 7867
15 27 9218
17 138 3095
19 45 4823
34 50 4377
39 120 2432
9 155 2195
125 192 2087
177 183 2079
4 10 2489
98 185 5506
21 118 5423
29 193 8388
29 134 6735
15 98 5692
123 136 9810
61 86 8270
25 169 8468
33 196 9076
25 196 5854
65 108 8877
83 150 2387
22 123 3368
155 159 9804
81 143 4558
17 193 5156
78 106 7010
13 140 2066
45 108 6522
96 189 9274
139 165 4428
59 195 9027
78 176 9655
121 139 3302
70 80 4854
26 160 5691
7 197 5236
63 162 756
159 189 5999
57 107 2534
22 31 9391
35 182 8922
156 159 2548
58 192 3336
195 197 6545
64 158 6174
11 153 1626
99 142 4916
74 174 3070
155 157 3664
9 96 4180
49 110 4631
5 28 2551
28 110 2298
133 161 6722
3 166 9596
102 113 8922
99 180 7317
90 189 4510
37 62 5992
26 94 6927
78 119 7076
60 176 7247
130 159 6877
167 193 459
43 177 504
98 173 5320
57 80 7593
3 18 8047
4 86 6621
138 173 9448
141 183 2166
32 176 1927
117 198 3802
29 34 5337
12 114 3738
97 185 4269
19 138 6643
120 128 1923
85 159 5095
131 140 9126
128 165 7033
1 30 1048
89 105 5370
64 92 466
7 147 8358
173 182 5368
21 181 6669
30 160 5934
131 141 1779
164 194 9837
115 196 9367
5 114 7763
89 99 3316
121 152 3566
27 130 5001
146 156 663
68 191 8536
80 189 2046
87 90 4449
155 173 6681
23 135 380
18 37 812
18 124 313
23 93 439
120 144 3512
18 83 7330
94 136 3687
76 159 4729
30 71 1630
85 108 760
52 86 2812
27 60 3093
14 186 3632
81 93 4576
3 97 3799
18 22 1692
29 30 7192
25 116 3850
36 170 6625
104 175 3690
51 150 6735
41 68 1648
68 168 6592
164 169 5079
10 52 3289
84 145 3833
7 164 6599
159 168 4266
157 158 5334
10 110 6200
17 115 403
40 167 7555
78 96 465
107 186 5372
160 199 4381
135 195 366
18 173 3587
44 165 5599
11 157 460
22 154 1317
38 108 2702
24 104 4857
40 120 4146
56 139 6317
57 189 6596
130 161 6668
42 107 333
50 91 9990
11 121 4576
16 159 1400
119 123 8678
116 124 3901
57 153 5065
2 171 9895
142 155 6755
14 33 4075
95 170 373
56 184 2112
66 80 5094
28 105 3349
118 190 5842
37 155 7029
63 119 7678
136 189 6237
7 118 4460
77 141 9703
25 59 5395
158 183 4157
80 170 7644
51 73 5295
93 131 4956
99 200 5505
24 35 580
14 152 5621
9 127 8795
42 70 2684
20 156 9286
32 122 9452
16 197 9005
154 188 2735
153 183 4365
2 76 4257
96 130 1197
155 191 6360
103 153 2193
56 92 6001
4 146 2560
63 177 6959
41 139 8166
51 181 1618
76 117 6456
5 133 9144
36 168 4155
82 105 2935
19 106 1043
16 164 1910
126 194 3564
10 93 1854
148 166 9067
29 122 20
19 134 3986
108 149 6260
128 134 613
94 161 6844
53 72 672
3 88 2542
3 34 69
147 184 771
21 174 7607
32 128 3135
158 169 7463
45 119 921
18 29 9569
113 167 3351
109 174 1701
65 116 11
24 89 2695
108 124 7151
137 149 9254
28 47 6162
15 63 7276
97 138 3648
16 93 2411
16 172 7571
12 107 4594
42 122 1468
176 196 1025
6 24 2911
72 105 7059
38 112 9026
47 79 8116
82 92 3171
95 168 8999
19 99 876
6 193 1097
46 116 9576
138 172 5394
1 11 9794
46 64 5969
1 121 2769
128 198 1076
70 199 1542
157 193 2506
8 177 4690
66 167 2346
63 73 8759
138 142 4719
56 142 4021
5 91 5834
178 190 7537
38 65 7846
72 90 3269
37 138 8537
92 155 8650
20 43 6159
90 95 1558
54 161 2950
25 63 8261
92 96 6234
51 186 5656
114 125 4446
40 48 8640
93 140 6559
45 47 3514
34 164 2681
7 86 1752
87 111 3685
70 129 1554
59 66 7385
50 130 8561
20 101 7038
146 151 3416
50 65 3904
4 8 2113
1 101 9016
73 83 7803
63 175 8473
29 87 7572
95 118 540
156 160 3496
47 123 7883
64 189 1575
82 163 6352
27 149 6872
168 178 5323
1 149 688
3 11 5590
99 155 8720
46 82 9705
37 193 2561
71 189 7820
160 182 1249
10 25 2240
58 124 5131
165 183 4348
20 88 104
104 153 9721
76 194 4039
39 63 2668
62 92 4253
104 121 7366
54 109 1325
44 85 2974
134 186 7670
86 140 3913
127 157 2511
38 189 1023
22 83 7635
32 197 733
101 196 2637
136 153 1993
47 134 4834
19 71 874
68 158 6224
77 175 1939
81 110 5786
42 133 5699
103 106 8513
120 122 7742
12 113 5826
153 184 5561
20 176 3842
107 108 7160
60 73 7801
10 107 1640
34 69 7617
71 142 2731
99 158 78
3 131 2886
9 168 7578
3 138 8093
27 67 7224
78 170 9673
67 116 2036
96 176 2623
141 149 8572
37 178 7008
13 120 7409
89 106 1712
60 89 5180
112 162 8743
67 197 9345
73 133 6601
11 185 6980
61 65 8310
180 184 7598
91 131 2000
45 156 6909
82 139 5809
60 78 7886
59 105 7736
47 146 7724
71 148 7159
85 125 3046
48 139 9246
65 109 4722
77 198 2997
8 53 8835
78 131 4427
92 141 8651
132 190 3026
68 147 4754
95 141 8087
59 107 5778
23 51 2258
15 46 9335
107 136 2914
79 196 8313
25 48 8245
171 196 631
6 16 2346
38 109 5044
128 133 3592
13 182 2241
51 58 4426
176 180 2493
115 140 3921
114 118 6494
92 101 5399
36 51 1823
83 195 5412
105 177 4791
58 92 9844
21 71 2877
157 169 2435
163 197 6878
14 118 1613
60 196 2890
64 139 4744
58 186 9601
34 53 3453
131 159 1265
129 145 6747
73 96 8172
88 163 4395
130 175 1164
17 169 3296
100 110 5478
143 185 9926
107 143 2703
40 70 6296
108 152 5153
142 189 7807
39 155 6524
3 58 9981
92 188 5021
20 107 221
16 116 3086
84 114 585
17 150 723
13 152 5688
61 125 9120
66 123 4494
41 51 3292
12 75 1953
10 20 4438
87 164 1868
59 176 121
2 162 7558
24 71 7873
139 171 8928
23 67 955
46 92 9761
4 18 1438
71 125 6594
113 169 2987
15 138 2376
17 74 5925
176 198 2436
41 87 1873
71 140 8893
28 136 5628
149 166 8984
86 137 2031
75 106 2125
92 95 1459
79 145 8377
51 117 9460
52 84 2354
109 200 4087
43 57 3726
4 40 8316
48 53 1107
13 59 7618
62 157 45
95 101 6604
146 179 5568
110 180 8103
14 180 4020
152 156 5641
48 131 1849
40 134 4393
1 94 2287
37 150 944
62 142 9063
70 194 771
5 79 6406
38 126 3501
4 144 6544
47 99 5151
39 124 9550
111 179 3543
164 178 7589
15 33 129
4 11 2214
35 70 2544
68 130 4020
23 47 842
70 189 6250
144 177 951
17 110 2809
30 57 9976
59 147 3458
10 194 9848
154 189 2439
23 130 4211
14 116 3745
6 116 488
30 70 1345
111 190 9792
143 154 3209
70 107 5452
199 200 9478
78 183 9712
67 113 4099
163 190 2305
82 151 686
38 137 5552
16 154 2569
76 129 7635
18 157 5025
119 142 2008
41 79 8126
79 150 8057
41 94 4015
33 132 3934
128 173 6578
31 101 517
2 11 3686
58 80 354
143 182 225
4 176 9574
163 176 1649
44 67 7777
24 165 2435
73 111 6120
76 179 9621
130 179 4948
178 200 5356
138 156 6464
117 161 3556
95 97 2433
18 120 763
87 120 6259
88 136 9052
30 101 1319
40 42 2797
6 8 6926
36 66 968
11 191 1220
33 82 617
119 156 7997
167 168 9564
59 187 9889
87 116 5267
4 50 8743
54 128 8714
17 184 7314
33 103 9676
55 142 7854
31 74 7073
34 94 3752
14 159 6078
99 114 7953
79 84 9163
66 149 273
20 93 9074
136 197 475
65 112 6205
122 139 3957
10 108 3788
78 165 8596
124 150 4553
85 136 3641
8 172 7164
26 72 7309
136 192 7261
77 113 4782
37 112 1501
180 195 4775
142 198 7539
62 71 224
108 177 4167
9 135 9739
108 195 5520
30 147 265
49 165 6158
9 49 5936
143 150 1384
104 109 9694
134 195 403
39 146 6682
78 109 8214
82 100 7343
74 133 7665
69 100 3399
2 79 3719
78 111 1721
60 77 7727
21 129 5411
140 162 430
80 117 54
149 170 2642
176 182 9027
130 156 1375
57 114 185
65 144 2042
68 112 7004
87 172 5479
14 72 9284
127 156 5874
28 144 4971
40 41 5039
132 133 772
45 134 5987
79 92 1628
44 153 7407
55 106 2690
57 81 6207
174 186 197
97 162 6407
22 28 4114
164 196 9128
52 102 2746
3 44 4757
59 94 7653
46 74 3529
74 165 6842
41 159 6228
27 156 2137
4 177 9578
117 171 7038
57 185 2009
35 157 134
35 168 2526
60 153 126
16 143 4679
8 27 6913
19 129 3110
64 185 7358
86 100 3162
102 108 2090
128 176 733
43 87 9179
17 116 1726
16 128 2544
24 51 3532
6 7 8193
115 153 3351
145 146 6938
35 88 3366
71 154 4630
95 189 5176
34 46 2766
13 118 907
75 192 4334
7 150 7966
37 64 4827
21 97 4759
65 153 2824
2 199 7828
26 38 4081
66 114 7282
84 113 621
74 199 7486
74 187 246
79 107 3199
111 126 2341
15 119 3201
55 194 7824
60 66 8304
63 161 9540
139 166 3384
37 76 6224
30 170 4510
38 82 4823
48 197 6078
69 91 2051
143 149 5731
67 71 9898
60 161 9561
159 174 5330
123 169 9202
80 132 1491
129 164 3770
110 181 1457
6 49 9948
67 180 4422
64 126 8256
22 105 2625
43 110 1595
86 121 3969
142 164 8805
122 172 3728
42 184 8184
12 180 9504
1 13 9341
168 169 54
53 184 4647
69 136 4200
37 75 4828
64 137 5000
57 138 7031
140 141 8333
154 157 8367
75 119 6182
25 26 4789
45 139 6334
4 102 9120
67 200 6207
38 136 2808
170 199 2966
27 102 2468
102 178 4874
145 171 5508
66 168 2188
18 134 7422
34 59 4076
93 185 8538
64 91 9602
46 60 9660
108 192 8423
49 82 4500
17 179 3127
14 171 6455
65 97 1943
9 183 3244
26 164 1718
24 77 278
132 165 7301
77 102 3860
181 182 4454
98 133 1065
58 72 5207
70 191 4460
4 36 6603
61 124 9488
53 103 1148
44 200 8305
41 191 2834
56 164 5491
163 169 7681
52 139 7531
118 194 1703
41 82 1050
16 181 9585
66 157 5548
148 195 6208
42 168 4981
18 43 9199
101 122 8118
161 182 81
76 127 9826
13 23 3212
9 22 5412
49 186 152
3 5 2764
41 49 2134
64 144 2573
83 120 7840
142 178 2152
56 89 4421
97 189 2518
11 35 4401
66 183 8104
131 178 3293
64 179 8303
55 164 1900
75 117 667
120 182 529
6 50 8804
54 117 7057
93 124 4521
78 80 8300
78 146 747
23 103 4027
77 179 3433
8 57 9240
21 158 3882
97 105 2192
115 150 2300
65 102 3482
20 52 8208
16 132 756
125 197 5554
137 192 1601
71 137 2025
11 81 661
5 23 8866
62 144 3468
4 79 8829
103 116 3134
60 172 3828
93 170 7460
12 97 5919
32 175 22
70 97 4681
8 116 7724
5 11 960
69 171 9857
3 76 6047
37 44 9670
119 147 5787
49 67 5356
174 192 9152
31 55 6895
33 127 3529
57 69 7010
65 188 5826
93 149 1695
123 157 2077
132 138 7932
40 124 2070
18 171 8268
3 62 3015
90 98 7995
46 48 1723
151 152 2886
102 146 3508
84 176 1742
47 186 3978
22 62 6587
22 113 4890
2 65 944
104 114 9930
64 182 546
80 154 7437
137 167 4312
88 164 3148
68 141 1650
72 157 7374
36 116 793
83 160 6781
8 11 4139
163 183 5769
134 198 7698
33 90 4873
6 138 6985
125 165 9493
144 184 5806
19 181 4660
43 136 2886
85 117 5318
130 136 3763
11 194 2913
52 146 1910
40 157 365
40 45 3925
54 188 7902
100 132 8907
22 118 4788
140 178 1778
64 80 6468
151 181 6817
112 128 1716
173 179 4837
56 58 7625
38 194 2497
180 182 5137
88 131 1557
182 200 6080
74 185 6304
22 153 2715
94 188 7574
55 170 9781
42 132 4191
47 131 5485
71 170 3205
14 145 1860
75 196 1243
32 178 1407
70 141 5789
41 80 8913
114 132 3436
48 167 9013
58 183 4711
68 107 3679
92 121 8520
164 167 624
34 58 4291
48 184 6203
86 115 6191
16 53 4410
152 190 5090
67 166 8320
128 164 4175
126 163 8349
10 95 9854
11 137 7699
69 124 207
58 174 699
47 106 7519
89 123 3062
22 80 6534
16 188 4693
14 189 2214
43 165 8967
79 170 2627
5 143 9750
113 128 4611
47 188 4976
7 188 420
134 174 1190
16 169 3808
167 189 6711
54 86 2050
49 164 1114
93 152 4950
40 115 6829
84 179 9218
124 183 4385
129 174 2917
94 186 7889
57 146 9347
26 104 7927
87 182 1758
87 124 5133
8 193 148
7 100 8515
86 113 6795
7 165 5622
16 90 4189
26 106 3882
84 93 8180
44 139 3901
186 195 803
165 188 4636
51 79 1418
8 37 7410
30 128 327
17 37 6997
9 60 2733
23 52 558
78 190 4422
101 158 8843
29 188 2471
183 185 4263
10 74 6584
48 124 8724
105 168 5664
2 125 8446
151 199 883
9 97 319
12 128 7243
156 164 4450
87 186 2135
24 75 2184
143 183 5478
29 52 1660
89 103 7522
27 161 5095
4 120 9004
137 150 4946
35 141 9643
64 95 3600
57 139 7604
27 186 951
31 181 7801
36 158 4098
6 127 8897
60 70 8408
49 106 8395
3 93 4809
47 137 8610
4 184 702
173 187 1231
71 84 9054
88 182 2466
20 80 8000
95 177 2974
43 92 2564
84 128 3799
86 190 8224
119 173 6332
74 143 716
21 111 3860
79 199 3308
46 181 1931
43 74 9968
138 144 2489
42 109 733
2 89 6087
84 136 7977
21 138 8976
113 151 2841
110 113 4313
155 163 2379
49 58 3473
21 146 1250
141 159 2150
100 127 2709
150 191 8589
44 133 6727
56 137 1550
48 122 8852
88 93 4755
73 93 48
108 165 9056
42 138 9055
61 128 2560
155 162 6900
93 193 7379
1 188 6970
102 144 4377
31 98 9476
18 112 5213
94 149 7014
30 58 8514
164 183 8720
32 49 9726
149 180 5357
71 89 9257
30 34 4335
128 144 323
58 87 2808
93 168 2825
167 196 5625
37 119 630
18 107 7435
29 196 2617
19 158 5455
135 140 5306
160 188 7110
15 91 2508
103 140 2895
101 157 7058
72 174 9476
40 76 513
90 165 3459
88 113 7577
41 176 5229
65 159 1746
171 172 3553
7 162 8504
2 187 966
146 176 4967
3 89 4666
142 187 8646
60 96 9806
5 51 9491
12 37 877
21 141 5665
88 146 9440
82 103 4788
17 121 3604
68 124 2792
42 139 2246
21 32 5813
4 41 3235
25 149 9107
8 127 2994
107 162 5485
157 197 2302
51 89 5735
144 153 773
1 181 1823
46 186 4450
86 195 6869
70 76 5114
107 146 5625
31 90 1736
94 169 7769
132 143 8650
69 75 488
119 196 776
73 151 8669
191 196 583
78 198 8897
43 166 4338
114 191 2438
183 191 6691
1 161 5303
10 51 1269
111 146 3508
13 200 7993
186 189 2778
39 172 2218
60 107 5204
40 175 9169
76 78 1284
56 96 4759
15 41 4944
76 154 3502
106 164 1676
127 141 4142
58 78 5515
28 50 8641
52 168 5781
37 169 3614
62 172 2087
47 135 7814
89 184 1134
150 169 8047
74 198 7617
14 199 2931
146 168 545
18 67 2856
91 115 9346
60 125 7614
4 38 6502
2 54 9259
49 166 1550
70 128 1031
97 169 7008
82 85 2854
36 103 631
109 120 408
127 183 9469
8 49 4081
91 168 2888
37 199 9002
84 190 1736
17 28 1828
70 186 5884
39 163 1488
20 138 3336
50 129 3553
74 161 1415
164 177 4811
111 143 2784
159 160 7300
65 81 826
13 112 4311
60 103 6158
2 158 1496
12 174 4257
63 190 843
60 173 6223
81 148 5379
126 185 1158
82 145 859
48 55 2808
21 49 7206
75 177 3486
125 152 4264
31 61 348
2 164 8816
31 165 2489
149 195 4156
46 196 1323
150 198 1179
53 121 324
28 58 1856
74 140 4351
45 181 6300
37 153 4361
154 178 8632
48 52 2831
65 183 1189
94 127 3819
68 169 8067
30 95 382
84 98 3892
17 64 2492
68 164 3886
77 166 2362
70 198 5874
78 82 3977
10 89 4305
22 78 5440
2 161 5399
60 186 7275
55 91 3806
133 150 1989
53 57 6179
7 172 4902
33 184 375
110 174 9148
60 135 421
60 154 4763
5 38 6934
57 131 2885
96 152 3574
3 45 4536
157 191 5924
179 198 7786
13 60 2573
92 132 885
20 90 4693
46 167 610
85 129 4714
116 134 5654
32 130 9737
92 130 9744
109 111 1997
64 151 7966
16 18 4971
87 190 7170
56 179 4127
28 87 1144
1 166 3316
48 127 4197
115 185 5733
48 160 6622
82 179 9094
134 141 5230
147 190 1186
110 165 2677
86 187 9107
34 143 848
43 147 3619
4 156 1213
45 161 7910
117 170 6779
165 190 1555
32 144 2771
42 99 8550
110 194 6456
76 80 5271
136 184 5120
94 192 8585
1 144 5200
97 108 8626
5 47 4538
16 129 5837
58 128 4581
138 158 9376
25 54 2816
64 175 686
29 126 5014
37 38 7276
49 74 9280
75 186 7029
123 193 4253
90 110 669
10 196 9602
20 173 6372
124 161 5010
48 84 7458
100 180 5164
110 127 2749
23 126 7575
40 126 1371
43 48 3679
123 167 2011
72 122 5852
41 144 7954
87 132 358
142 169 5158
116 127 2859
95 115 492
32 166 348
80 111 8370
134 171 5355
106 124 8891
112 163 2773
96 112 5998
76 143 4367
8 162 6333
157 176 1761
14 97 2230
145 159 5013
95 155 1036
3 98 1055
122 132 8211
39 46 9913
64 93 5790
50 191 6838
65 69 1048
137 175 9746
6 195 3844
143 171 939
154 155 7206
144 154 4003
144 167 2397
65 142 3152
124 135 7783
74 160 9961
8 187 4755
56 153 6241
169 199 1396
46 61 7569
12 51 5626
139 197 4535
173 185 192
63 191 2369
101 199 630
74 112 4135
11 53 2397
40 66 44
77 199 7860
36 188 2066
75 126 3349
62 73 9904
76 81 3662
57 129 7221
31 64 8784
90 162 3562
49 180 3689
91 176 7033
97 128 1074
55 80 3614
70 82 7272
65 103 2194
88 166 7531
98 107 5026
7 106 2425
47 197 5313
70 74 776
8 56 9186
61 111 7557
91 130 8516
38 199 9919
127 200 1387
13 155 5074
77 145 7122
145 194 3813
24 191 1155
84 193 3651
23 76 3698
52 78 2969
80 172 3853
128 154 1492
53 55 1219
39 171 3544
43 47 503
75 95 8097
94 120 2148
5 50 8746
120 158 2269
55 126 574
12 124 3580
156 192 9089
106 152 8870
89 198 3822
33 114 3664
102 109 7935
105 130 2548
45 117 7406
83 182 2850
133 168 2303
80 127 1687
23 194 1113
87 133 8894
2 30 3608
38 128 3193
49 100 2388
59 140 3309
84 144 9215
43 140 6848
56 159 305
48 65 8004
135 144 2660
103 185 9505
3 9 527
17 51 4788
25 113 4866
77 196 7850
56 183 5366
126 146 4890
23 136 7250
10 141 6725
100 156 2877
42 173 2414
146 167 278
161 199 6922
1 2 8725
97 197 5846
120 149 704
112 132 3163
38 75 5837
34 99 4210
100 190 6219
85 104 4775
23 29 8255
71 78 7168
117 155 7887
151 162 4410
91 98 272
66 161 1912
54 162 3391
111 132 7130
21 63 2097
39 65 3822
65 89 1100
2 102 938
32 91 5266
117 124 6421
30 130 8514
167 179 5528
2 105 108
38 181 2584
36 53 7063
72 152 1232
60 177 4037
97 191 8625
146 189 8977
13 157 7257
61 162 9758
70 147 1780
20 62 7279
65 141 2613
73 119 5366
3 130 4851
151 175 1069
18 141 3844
83 190 6502
67 105 7818
10 189 7331
89 130 2223
124 141 5045
46 136 4290
4 157 8021
55 165 8831
74 184 5219
112 121 6000
65 151 1538
15 172 4630
185 190 704
148 156 9989
148 179 4839
84 196 5202
77 157 2725
8 83 5982
91 146 107
14 138 9247
90 171 3255
49 84 915
70 157 4210
48 173 8516
20 139 4921
137 157 2586
80 179 7180
181 189 259
24 100 2793
61 140 4915
47 48 7942
135 174 7900
15 180 5920
108 184 8939
43 163 1206
44 173 824
83 144 1108
67 86 2028
49 141 2864
2 78 1328
4 198 8407
7 195 8537
53 158 838
55 150 7286
14 63 4376
25 189 6373
18 145 1202
129 158 9832
52 72 4015
120 156 4987
136 147 6380
149 179 2306
161 180 1203
38 54 8213
87 163 2008
72 98 2955
24 199 9222
101 172 9607
15 194 4615
126 173 8005
101 173 8533
113 200 2627
17 175 2611
14 93 6175
149 155 1259
73 109 6709
114 195 5782
93 108 4629
63 129 7549
84 148 3718
25 44 6834
6 84 5293
135 167 9549
122 169 3515
110 171 9479
25 87 8153
32 65 4041
12 71 1141
9 33 722
93 134 8314
11 150 1611
71 185 7584
42 120 5035
5 193 1097
161 196 4313
62 125 918
49 102 4164
5 65 1981
24 115 3428
20 169 2268
53 105 1871
143 200 7978
161 169 1083
101 186 6434
122 140 8935
69 182 4911
19 157 887
20 193 6454
33 44 7555
39 153 597
92 158 7071
36 65 3711
58 156 3529
43 59 2869
10 154 5684
83 94 3236
121 187 7095
47 192 1168
125 148 5540
8 43 4548
35 188 137
124 130 5303
17 55 153
3 112 1981
41 55 3303
25 105 9923
43 63 6024
25 100 9656
58 100 5014
73 161 5084
65 68 852
56 185 3609
5 139 389
36 147 388
98 176 3627
21 132 6258
4 73 5456
156 191 570
34 144 6790
57 72 8191
70 118 1103
56 132 377
133 169 4923
132 153 3368
83 118 8021
3 63 889
84 157 6397
30 171 7012
10 62 1395
186 198 7276
131 186 8328
44 138 3859
130 184 3189
7 127 8000
45 164 3432
4 32 3394
39 94 4178
135 162 6705
69 104 1
32 181 3129
82 167 2510
9 14 5366
98 171 3958
46 178 5822
102 139 9689
81 169 3521
104 186 2964
159 199 2241
19 196 3263
6 131 2161
27 162 4566
7 120 3407
103 183 4616
65 177 3697
92 135 2113
36 99 8738
142 184 6680
43 184 9801
27 167 1496
17 87 3309
10 138 4782
103 180 8714
34 104 5479
142 195 5490
139 187 3847
109 135 2757
80 108 4393
155 180 7262
81 126 6586
85 105 8515
1 47 3524
4 183 3658
97 141 9291
28 114 6155
49 131 7754
146 183 9178
27 84 9515
63 153 1425
45 138 2904
34 48 3680
5 128 3668
94 101 7844
121 135 3432
89 144 4887
92 160 975
6 200 3901
91 108 6657
144 156 9482
5 45 7344
49 200 3669
147 183 3332
39 138 813
32 120 2199
39 139 4733
66 166 4751
96 141 6081
101 113 9695
126 180 5077
76 146 8524
55 197 1570
186 196 5216
87 143 6040
33 165 881
36 95 3787
76 195 542
70 178 7789
2 151 3007
58 137 3102
33 162 6618
135 173 5158
166 191 4085
85 128 7950
4 51 527
131 188 4930
13 124 1756
10 60 2423
49 65 5604
16 121 4557
63 164 5723
25 98 8883
137 199 3614
6 85 5708
37 120 8946
100 192 9685
152 174 4349
2 9 8195
42 192 1985
145 196 3743
10 147 1932
140 183 8546
11 139 1537
158 180 3454
50 168 2836
192 200 3586
108 153 7655
32 103 3067
13 168 599
50 199 5290
95 123 8566
84 94 634
15 150 2439
23 145 9390
59 182 8620
159 167 509
80 139 6847
123 150 8812
63 82 7058
11 26 4959
79 163 3079
42 183 704
81 144 6702
1 175 3835
127 167 1634
68 174 7215
183 186 8994
55 168 5845
13 56 7873
70 105 2190
110 145 6637
95 125 2350
103 138 9839
10 75 5898
133 179 7223
11 100 3666
78 93 1365
93 136 9071
95 138 903
13 126 5739
85 90 8486
3 65 7299
41 44 287
19 146 9502
176 193 2034
26 78 9018
91 145 7772
65 92 1499
124 175 3717
6 171 9570
75 174 3865
105 187 6127
46 176 7127
16 163 3143
7 199 8459
112 200 5923
14 55 1163
32 34 4174
21 72 2212
41 160 2220
129 178 5171
118 169 6811
59 98 1778
27 158 2780
25 72 2920
31 86 3486
16 22 8527
64 191 3182
132 176 5268
69 107 4031
25 175 3441
87 138 4123
65 199 1306
41 134 6072
117 200 858
45 194 9977
10 191 4075
31 91 5946
108 146 1959
61 102 4681
35 41 2449
65 170 5364
64 67 8002
102 190 6566
66 192 5093
116 198 753
86 173 82
82 164 3739
77 122 6651
66 175 5113
14 155 2024
134 145 7500
78 144 2258
12 142 6845
121 168 9633
8 44 1673
118 125 2151
16 100 1277
17 122 937
4 167 8913
93 146 4769
19 108 228
17 44 5093
120 186 9691
37 83 4244
8 81 3016
3 167 3366
102 171 5948
126 175 849
1 156 7837
101 200 5211
80 163 7430
128 145 2434
93 104 7969
74 134 6765
16 47 2677
20 40 2401
66 84 4960
114 131 8738
12 79 6099
32 116 624
45 88 8783
70 117 4397
37 132 1843
3 59 3231
20 125 6226
73 127 1578
58 76 2679
15 129 5339
13 15 8393
62 162 165
2 7 4604
49 56 1564
163 199 892
83 147 4834
3 15 3066
77 195 1636
15 145 7621
110 172 7732
2 160 5991
29 31 9333
98 115 3829
119 120 5177
106 169 739
23 162 5610
40 98 2779
16 119 7673
102 200 2332
108 168 9162
9 108 7410
77 150 749
6 153 9898
119 165 9226
40 67 945
156 162 9988
38 50 5633
48 56 1338
98 105 6972
1 22 1533
12 86 8596
83 101 6229
71 127 7568
12 36 2
5 135 9934
68 97 3108
83 133 9480
12 125 1865
66 89 2953
72 86 2506
4 103 2989
73 167 884
13 14 2298
154 156 9047
84 149 8815
74 156 8656
104 117 289
51 168 9671
57 199 9872
18 187 792
36 124 4699
2 172 9105
115 161 8904
151 177 6049
19 91 6721
29 63 3291
36 49 3119
158 170 3069
163 173 8408
159 191 3443
57 147 9176
77 155 3642
11 38 6913
126 176 3253
48 63 9618
37 174 3393
9 79 345
50 189 3866
83 197 7528
144 196 6858
45 159 7208
88 92 3957
90 117 2448
55 174 3366
105 145 676
23 124 8662
18 126 238
151 180 529
61 67 8765
79 115 4858
25 166 7408
4 60 6408
61 200 417
1 105 4039
67 115 7250
43 91 3726
15 93 5160
28 51 657
120 188 3833
130 144 1527
140 159 6710
141 181 5561
17 100 8697
38 176 9056
58 65 7662
31 168 9531
104 198 49
23 25 5826
82 195 9355
47 157 4062
108 196 1260
45 57 6245
58 105 7303
183 190 1174
98 101 6336
16 147 409
72 146 5014
148 153 6004
73 117 4689
176 194 365
72 136 3546
35 81 5026
56 61 7165
84 123 1818
13 151 351
154 162 9385
40 158 4943
43 179 950
60 93 4030
53 187 4925
173 190 766
5 22 6867
6 132 2844
5 163 6254
160 179 8397
25 53 4688
12 14 26
45 141 6263
40 107 3515
34 71 7477
84 167 4101
15 200 5392
22 116 4979
77 190 3465
90 97 2789
130 169 4029
54 111 9675
92 182 862
5 173 8352
31 192 6975
8 58 2375
56 145 273
6 10 6694
15 16 8720
29 77 69
1 29 77
151 168 8981
19 27 794
132 180 3632
140 165 8503
108 163 228
145 191 2239
102 160 6287
44 47 4209
174 195 586
175 180 8768
84 99 293
98 160 4457
6 28 6806
49 88 7192
72 108 6145
42 127 3209
89 109 5335
78 182 5311
49 92 6606
9 165 7719
58 164 3443
5 93 474
157 179 5570
27 44 6117
148 187 8418
18 82 2168
2 136 2657
23 163 7056
49 63 7282
42 117 2564
171 185 665
44 166 5714
6 102 3330
9 153 6456
11 96 3045
83 162 1858
89 119 4266
152 188 2358
48 140 5308
41 52 8897
8 10 5008
76 141 5503
24 73 17
28 65 6973
54 192 5490
45 186 1823
133 151 5363
27 147 9360
159 175 2960
2 118 8284
68 181 7677
103 170 9679
75 86 1585
22 158 3148
131 196 7349
88 132 2253
53 128 9947
68 118 4718
104 197 2975
68 91 5592
6 54 9070
5 161 1262
64 89 7113
81 90 4553
109 178 5112
80 105 8180
167 177 2062
34 97 9031
88 98 6880
41 77 5268
98 147 7429
100 152 7746
4 124 2653
50 169 2477
152 178 3425
26 48 4458
15 73 1646
52 178 7739
122 149 5601
65 119 8024
66 156 497
86 147 8999
79 106 8879
3 91 5777
40 55 4223
74 162 2772
115 126 5348
98 131 40
106 144 7900
78 187 2451
61 66 4384
85 195 5450
15 166 4970
1 84 5278
9 136 6724
11 61 8354
116 145 5189
1 113 2462
134 161 3178
5 153 8261
48 81 278
99 138 2423
84 85 329
92 164 2262
64 157 5826
18 85 2712
83 191 7844
89 94 7217
7 41 3386
67 171 5070
53 171 1514
135 181 3841
92 157 618
5 52 224
37 70 54
51 163 4988
138 198 5372
26 195 8146
23 187 126
135 155 7252
53 97 853
179 192 1269
67 117 8165
37 39 4278
188 194 437
29 67 6547
21 148 4891
49 194 173
44 58 2506
6 14 3877
11 143 2506
144 166 334
32 160 2427
2 44 1039
2 156 5305
16 94 8635
112 146 3839
49 112 529
126 192 827
173 177 5778
44 179 117
80 161 9702
79 190 303
63 159 1677
99 150 8539
2 186 8342
63 125 3584
80 197 9905
69 77 346
53 194 3830
33 63 9252
123 145 6354
75 77 9926
67 160 1765
74 154 8142
39 88 3340
20 140 5616
49 162 7230
105 173 622
26 75 73
65 154 9622
109 118 5083
9 98 9774
6 71 720
19 152 8304
98 121 878
20 158 3877
3 54 1137
97 134 691
10 70 7256
50 172 8006
34 93 7676
73 191 2720
10 21 4532
107 171 3856
74 169 7866
127 152 4163
10 85 8891
21 136 2078
141 150 3344
37 41 5927
109 187 319
57 121 518
86 176 3425
162 188 6462
4 46 2610
124 196 1755
48 138 3051
64 149 4267
88 194 3103
10 171 3149
104 112 2807
26 144 3787
42 124 4494
24 155 9398
120 139 1899
27 121 7573
153 158 6386
147 172 4573
36 92 6586
150 175 8463
38 73 8908
3 17 4165
142 170 672
50 134 2299
56 82 7144
10 156 1069
14 67 8969
24 152 6548
57 61 1020
33 92 687
27 42 5129
138 160 9123
103 188 4942
127 145 9795
20 119 8163
12 55 4350
49 174 6094
48 64 60
122 124 1908
3 147 9302
7 136 8022
19 74 4247
118 128 6743
129 161 4791
133 152 7535
121 173 2801
49 199 7649
54 100 4585
26 91 4556
9 187 5072
6 90 7556
5 166 9459
28 185 9582
76 126 3239
2 137 606
134 166 2501
120 129 8737
47 105 2133
76 101 697
106 193 7292
14 41 1964
60 112 3716
3 56 4235
38 59 5024
57 64 963
33 119 2108
70 169 3878
28 128 6630
39 42 3655
37 74 9872
162 200 8631
47 64 640
65 78 4994
175 184 4846
83 108 8328
156 188 7114
31 162 3245
147 151 2705
181 194 3216
11 138 5166
107 183 7068
133 175 7744
6 129 9168
19 166 2991
59 91 2526
60 114 1709
31 89 1398
84 140 1663
48 165 4128
42 43 8713
25 138 6844
16 57 2683
13 86 9177
103 137 9086
55 178 9863
101 143 2332
140 166 7406
190 194 6097
55 72 8571
89 192 1030
28 167 4813
90 185 3944
125 154 3412
43 71 9498
13 173 644
10 54 8416
48 92 8700
4 77 3318
12 62 6425
150 157 2227
33 118 4073
3 50 898
64 174 9217
41 96 7498
125 159 158
81 111 8595
62 195 4604
22 27 743
29 64 7191
24 169 1737
92 171 1749
5 110 8233
26 171 9280
186 200 2627
64 197 7125
135 158 9402
43 180 2685
122 137 3368
53 74 1374
107 138 4018
153 186 7249
34 107 7821
92 134 9314
178 196 5252
11 24 7738
109 158 8564
10 92 6284
101 144 4189
5 174 2609
65 171 5113
4 44 3347
120 179 6858
24 153 8236
62 192 5910
33 59 9917
47 183 3937
16 162 9485
117 119 2814
31 139 6296
25 155 5125
76 128 4675
28 142 2755
165 184 9184
17 62 9589
53 150 102
28 39 5106
69 191 494
44 159 9819
34 42 9133
102 192 675
166 177 8052
1 92 7279
5 77 682
33 97 6428
39 96 8372
106 110 387
13 154 106
11 92 5214
12 131 4697
48 68 3943
6 184 2888
64 135 7828
14 28 4971
13 69 8021
140 150 3944
32 165 9017
112 125 1694
24 124 4739
18 142 7583
77 200 2417
10 126 7233
134 190 7718
51 77 5224
17 89 9436
54 124 7632
125 190 2972
83 85 3950
66 130 2793
2 6 2052
46 76 4639
89 169 8182
47 148 3807
103 179 7312
7 140 9831
21 100 6644
8 50 9891
15 196 4501
76 125 5094
31 81 3700
23 114 1511
45 70 9965
66 142 8604
31 39 5984
34 162 407
5 118 1409
62 99 7363
167 172 1983
126 187 7116
36 151 692
48 95 6738
57 71 642
139 143 7788
2 131 664
13 45 1611
35 195 2758
26 30 118
16 79 1910
144 183 47
100 186 4615
34 121 6440
58 147 8185
20 25 1783
49 140 7962
70 159 7002
59 126 8178
16 189 5851
119 133 3136
15 47 402
114 181 1682
159 195 3197
7 184 8711
19 67 6528
13 97 8710
79 153 7181
93 183 8570
15 68 6482
63 141 852
57 86 4613
34 158 2287
25 106 719
80 93 7745
125 141 4844
41 58 2934
50 146 7390
28 194 3452
96 186 6900
22 41 5887
102 130 5679
9 99 4914
176 183 7166
50 124 5042
124 199 5950
64 97 8891
47 149 3859
11 28 214
11 110 2581
7 36 1145
65 176 7595
48 79 5165
182 199 8232
105 175 9662
63 67 2136
163 196 2165
15 142 4025
42 164 1173
30 175 3370
62 139 9862
74 151 6692
18 38 645
101 118 3114
91 185 3945
24 148 5026
42 154 1763
19 57 4193
117 185 6813
2 180 8840
114 129 543
11 75 3905
119 181 2369
45 165 7223
84 163 9764
3 22 5368
34 103 6255
109 172 4844
35 38 8859
19 164 483
1 27 301
89 129 7552
126 128 3542
30 32 934
54 169 3501
120 140 8342
110 126 5191
79 82 4039
107 182 1484
4 164 6914
77 94 1209
77 127 8946
47 145 2692
62 80 7438
43 151 1748
33 167 6436
59 133 8588
177 178 7781
5 17 9739
126 140 6931
46 115 3781
61 146 3370
45 87 7103
45 200 5489
38 89 6973
141 177 3936
8 158 7660
127 142 7167
16 31 3966
5 86 258
74 98 856
5 132 1494
79 186 2733
15 92 1466
164 168 4169
87 171 894
32 169 1454
153 190 3772
80 180 9710
79 85 3577
111 183 5389
7 44 650
125 163 2899
110 157 4838
102 197 4580
24 189 6592
140 188 3200
126 145 5153
3 150 8073
139 184 1415
49 137 3353
47 200 9888
3 122 31
108 134 5828
53 147 6381
169 189 3669
106 159 227
15 141 8616
58 74 7881
49 119 1905
115 155 894
144 155 8480
57 149 5732
20 151 4813
30 197 104
73 146 4100
23 159 6514
14 54 6113
53 82 5953
36 52 1178
159 171 3811
51 184 111
9 186 5143
23 134 914
41 102 1795
145 186 54
150 174 5589
36 173 3322
92 147 9803
69 132 8994
148 191 2336
56 190 1977
115 165 3436
21 76 9049
40 166 4299
100 147 5750
116 166 4169
62 160 5149
87 139 5202
109 189 3216
9 32 9932
59 164 9327
64 195 5520
50 200 3877
48 180 93
106 147 3048
108 187 5227
22 192 2238
74 175 2144
80 176 8847
55 74 3077
101 114 6367
47 184 5094
115 143 1081
9 193 5627
90 118 394
57 140 9209
162 190 3826
1 86 472
29 153 8267
60 80 2291
122 198 6839
65 181 9393
43 68 3595
11 132 7830
2 163 2941
34 152 4472
25 107 9679
9 159 7554
78 172 9177
12 64 4123
60 190 3304
14 148 4788
57 158 472
120 160 4404
12 156 9970
5 9 2020
119 125 5814
109 117 7929
55 84 2888
7 12 7316
133 180 4970
3 175 2524
1 71 8764
41 123 2454
73 126 8614
1 4 6410
134 189 2002
163 179 8997
134 169 2393
81 168 7597
22 145 2292
96 191 2696
64 199 6719
75 141 7484
25 110 9548
165 172 133
144 148 4782
178 198 2055
72 93 9920
145 151 5097
87 158 4152
3 75 2830
21 60 3599
109 110 4723
5 62 4462
75 188 6650
23 89 3895
52 152 4280
79 118 7417
39 56 2721
28 45 1137
110 161 1902
193 200 9504
6 86 8676
164 192 1409
7 32 724
3 134 2919
110 199 5137
69 173 2265
44 152 4166
165 194 6685
122 189 8947
57 159 8805
51 76 60
90 100 9211
22 168 7392
15 163 2270
71 119 953
28 55 1402
35 64 3240
169 197 5785
4 75 4510
86 105 2091
151 167 5243
84 173 5830
82 188 4551
151 155 2959
34 176 7121
34 125 1940
118 170 8795
80 158 6847
64 129 7730
11 82 5690
56 157 8318
173 183 1090
40 82 2926
117 160 6494
114 143 6032
175 189 2284
50 158 3075
107 172 256
123 183 1341
32 161 1244
45 160 124
45 198 6973
45 68 3645
151 183 9579
130 135 9054
43 114 2271
120 154 1124
36 101 3250
168 188 1227
51 144 1273
1 154 3729
2 114 8626
50 58 1041
18 103 3021
27 99 7169
1 25 7851
11 102 7691
166 182 8473
17 26 1099
115 168 5640
18 41 4701
3 95 9939
30 124 9203
124 159 6448
51 178 1353
50 184 9826
93 95 1514
43 138 5221
14 101 638
71 177 5271
104 187 6298
16 74 9766
128 180 342
19 116 7438
29 161 9724
29 197 6703
53 124 1558
17 82 4752
28 33 9556
112 129 4389
133 190 3904
19 40 9537
45 99 3234
9 56 9613
68 126 1378
50 133 5204
68 161 161
87 140 4644
9 26 4917
54 104 2549
8 71 345
12 140 8950
15 76 8993
94 153 9820
9 149 5278
32 95 2522
3 176 9191
20 135 5294
96 135 529
29 106 8322
171 190 6323
11 196 4685
85 87 2893
65 137 2957
18 80 3506
23 112 5526
157 174 4793
82 193 7542
128 174 6535
171 174 7456
74 191 3242
36 177 2501
22 33 3846
26 32 737
17 172 1584
20 123 2379
53 146 2092
153 169 1563
99 189 262
92 144 6920
3 196 8978
152 155 1305
61 100 3765
55 77 6615
109 173 656
62 165 5956
111 134 6415
87 103 8799
100 163 9750
21 199 1474
17 181 3446
49 198 6258
105 122 8850
115 177 3956
33 47 9669
11 144 8351
179 194 527
80 122 5718
22 96 7892
38 101 3745
54 64 5842
20 81 7280
30 125 9398
8 143 9952
103 175 638
114 188 6329
142 175 7564
30 50 4477
66 77 3711
19 87 433
15 94 1217
91 105 1880
105 155 3665
14 16 5492
27 36 3278
44 74 1020
16 137 6744
62 177 1516
134 173 5030
32 73 8384
163 185 9958
3 117 5022
111 184 5321
35 102 3926
7 145 3947
101 165 8762
41 45 7715
49 179 3885
22 102 8078
177 179 6109
7 137 8284
6 40 5040
83 140 9415
148 196 5808
98 118 7783
10 23 1655
35 126 8552
13 30 3705
101 153 2502
33 42 1539
17 107 3773
60 198 3767
70 93 8066
54 189 1412
77 117 6385
67 135 9480
24 168 8885
27 128 309
51 88 4538
93 190 9892
130 153 3762
18 21 9069
9 171 1433
82 134 7281
141 176 362
71 104 3229
14 66 2029
49 127 7328
162 193 8343
58 154 8791
27 41 5376
121 162 7340
52 89 3314
143 196 307
17 196 5270
19 90 7168
35 50 7311
68 113 1673
21 36 1011
87 114 6016
91 147 7949
110 176 8349
78 91 4500
113 135 6061
90 108 1785
25 88 5484
29 40 3699
125 137 2323
12 81 5274
18 101 8562
112 172 9397
107 132 2556
8 79 3332
61 169 6725
20 150 3869
28 61 6604
104 154 856
4 117 761
82 121 7129
22 100 2565
57 198 9872
62 75 9308
28 53 786
47 54 5811
159 196 2870
58 112 2041
10 103 1647
24 33 4640
105 115 508
60 88 3224
54 144 3984
3 43 31
126 150 2466
2 19 8842
42 171 7269
113 171 7570
22 199 4645
12 59 3215
82 124 5782
157 170 1158
180 188 9677
123 144 1154
57 105 5835
149 176 9059
32 177 3612
98 184 1913
71 178 580
94 100 7103
45 151 2708
91 160 7800
193 198 6895
22 162 9931
78 98 848
41 157 1901
35 165 759
36 46 466
99 120 2599
32 114 6356
29 137 9329
71 132 5119
104 167 4590
95 152 3138
108 144 8127
60 137 5062
36 160 4837
1 40 9499
74 117 6000
66 200 5559
97 119 391
32 158 7342
51 148 6428
153 176 6737
16 191 4013
104 132 6006
19 156 7514
111 122 9179
56 67 7018
16 140 6665
106 120 8491
63 126 5434
25 65 2046
141 171 2635
4 76 8127
61 168 9568
113 126 2357
114 169 1114
139 200 893
15 134 3865
53 99 694
22 150 8514
14 158 8253
4 135 190
60 71 3783
132 148 1864
60 146 3248
87 122 644
100 183 1926
29 51 1488
121 143 4836
115 157 3052
59 199 8527
52 66 3145
35 53 3043
90 142 4499
108 159 3819
76 167 190
121 150 5107
36 200 5233
109 140 1725
165 192 9845
74 159 9221
61 138 7404
129 188 6469
145 165 2706
125 195 5704
108 130 5237
68 154 5712
144 169 9571
50 113 1477
11 125 7719
68 198 8963
20 162 1859
125 140 7507
147 150 3981
30 132 6997
128 135 3466
38 106 6162
115 154 3322
95 105 8676
73 116 4057
29 168 4930
44 93 9009
64 147 5565
135 194 7200
103 156 2188
28 161 6893
132 182 7175
98 122 3321
25 154 9509
110 134 8696
46 170 7382
56 140 1789
22 70 2464
8 183 6903
68 131 9339
1 61 5676
110 111 9195
113 182 4313
18 33 304
109 114 4583
21 164 5343
41 142 1821
19 182 3902
86 180 8889
94 174 8722
11 46 9771
31 110 7833
122 177 5623
109 165 3911
163 182 5400
86 91 4721
116 160 6677
64 113 3194
44 54 3685
92 153 3777
144 162 7554
87 117 8503
54 200 2127
90 145 3457
110 138 777
189 193 770
33 65 4655
176 195 9397
90 177 1984
2 57 1533
102 163 2504
62 79 1022
44 180 683
20 108 712
128 189 7790
146 196 8070
24 60 7080
1 70 4475
72 177 1723
67 103 87
159 194 1250
14 183 3756
67 74 4458
2 135 6899
72 150 5168
2 170 2685
88 89 1726
156 187 3307
23 119 293
56 74 3548
80 140 9882
144 179 6906
103 120 6944
36 198 6851
118 124 5417
1 122 7976
58 67 476
60 181 5944
26 73 7349
123 149 5722
167 170 143
28 54 4428
18 108 866
47 109 2111
99 188 2621
24 160 7054
23 183 5810
89 149 1170
75 105 1604
141 161 4472
114 172 8913
136 187 5709
94 160 3135
36 121 2543
100 114 9624
42 96 5026
46 161 8085
108 133 148
111 168 5228
124 145 6834
44 65 1609
5 123 4599
27 139 9550
3 140 8921
47 74 7258
45 52 3569
32 90 2202
56 113 6269
110 187 8419
20 191 7848
101 130 4635
26 77 3460
82 88 7450
59 161 621
39 184 3331
91 194 6813
29 189 3394
156 163 8639
79 98 2134
12 41 5380
5 37 779
162 169 87
15 86 638
7 186 8113
12 141 8959
23 70 8635
57 145 3861
75 110 56
12 13 2902
36 174 798
117 167 4593
122 192 248
9 85 5409
31 123 8573
16 77 2721
25 170 2941
30 103 2928
47 138 753
105 109 468
82 168 3024
38 80 6365
37 107 769
69 153 6912
21 117 8868
58 103 5312
9 107 6415
89 116 3789
121 193 6346
1 180 5132
130 197 3961
26 190 8601
14 149 92
29 74 7455
69 114 4152
30 89 2227
16 26 8259
39 44 1220
53 92 9202
48 144 5987
43 107 5587
1 36 2834
45 123 5065
38 121 5518
45 173 3179
14 135 4556
106 190 1307
104 171 4117
138 153 3560
106 130 3073
67 194 8579
56 62 7348
133 158 5473
6 11 3083
30 173 293
28 190 5878
125 168 5210
13 66 8755
15 90 9587
140 184 5277
27 182 3220
3 66 3577
43 191 6205
96 148 1741
42 114 2777
95 117 7022
57 95 8650
14 139 2624
13 54 722
11 187 6028
19 55 562
63 118 8432
167 182 3299
97 99 9178
7 189 9142
45 189 8387
178 187 8876
4 59 1067
187 192 2260
35 127 6536
156 157 2200
126 149 4894
56 59 5302
66 121 9133
46 72 5535
30 56 2030
42 131 9010
95 179 4699
34 139 7046
32 131 881
27 77 2601
82 185 5526
122 160 6956
113 138 1482
25 31 6634
44 111 1696
36 196 60
9 41 4025
46 106 4719
52 71 4388
41 111 4768
31 189 3112
28 84 2652
26 197 1709
11 59 7418
84 130 7918
13 101 1765
25 49 1663
129 153 4203
103 144 1646
3 113 39
13 83 1931
86 130 6222
39 108 5815
149 153 3867
7 49 5726
132 177 3211
62 161 4739
64 165 3129
54 83 5696
4 194 5943
66 158 5018
135 196 1537
140 200 3734
160 187 6225
74 94 2895
141 197 5666
42 74 1154
69 94 7717
63 111 1088
50 80 6037
1 43 305
108 143 1131
68 108 1352
96 163 4560
6 117 5482
106 126 2390
23 197 3118
22 69 821
60 61 2964
119 185 9639
150 183 5541
47 69 1331
192 198 5870
139 169 8746
55 184 267
65 156 834
62 128 646
22 183 3189
79 108 6365
109 155 9081
52 130 1412
37 90 2622
46 73 5968
83 105 6090
8 95 5935
26 146 8853
82 170 3335
34 168 7331
28 38 4101
150 176 5140
62 159 1058
23 65 2044
50 88 4629
79 137 1843
17 84 7707
9 150 7917
94 103 7495
39 145 744
97 198 7993
115 169 7816
103 142 9056
187 191 4817
29 174 5615
115 128 7513
3 145 2000
3 157 5435
153 195 7372
36 186 843
44 126 5494
166 175 7165
181 195 2282
72 166 5844
103 114 5865
68 90 6955
129 199 4289
167 186 5109
138 167 9630
46 59 742
84 120 4084
23 184 9277
76 172 4919
80 110 5336
29 116 4864
3 57 3654
91 165 1841
26 181 1482
3 71 9362
2 107 117
34 115 5715
77 180 8624
30 47 8304
26 114 8940
127 169 9251
41 200 7449
52 58 4957
31 106 8040
24 151 4195
51 176 6642
50 76 9864
85 141 3221
26 110 6557
76 151 8130
34 160 4875
108 164 1544
115 125 8829
96 106 1358
105 107 8622
7 155 5522
144 185 1478
109 157 2484
39 149 3428
15 139 2770
59 103 4826
40 119 4930
70 179 5978
5 72 2001
8 160 4500
5 117 8238
151 197 6045
81 89 4486
59 165 655
138 182 6861
100 108 5571
9 112 7393
45 187 3087
107 127 4399
127 162 9199
131 133 5986
53 179 8868
92 114 799
10 163 8560
6 93 9841
132 141 9277
17 70 5014
118 148 1216
46 114 2390
152 189 8161
102 169 4006
185 189 1223
89 148 7873
54 190 7285
120 185 1681
128 192 9879
141 195 8224
128 153 6507
15 89 8626
1 60 3632
45 171 6302
118 160 9856
97 142 9456
87 101 1100
69 152 1184
85 99 6443
102 148 4369
48 112 8322
49 73 6601
25 70 2642
39 193 7218
61 149 7589
90 130 9109
66 103 1590
110 122 9954
32 118 8963
64 87 2799
104 182 6100
42 81 8039
44 88 6457
84 88 349
26 54 4261
15 111 5620
149 157 2428
145 187 2929
91 198 2013
157 188 7227
40 97 8959
168 180 5208
93 147 8413
169 193 6887
32 139 4065
92 93 461
36 117 7699
150 151 6096
90 199 7022
51 192 1845
12 173 7430
96 165 8138
12 77 9772
48 82 8066
42 182 9149
23 69 4468
67 182 4062
36 106 7714
101 121 6008
48 114 5306
122 182 195
11 17 6735
111 140 9699
9 178 4437
44 121 5973
31 116 3327
112 188 8824
47 76 5000
126 138 8332
41 140 4003
133 199 3163
33 91 9491
87 156 6410
11 40 298
14 95 5998
123 191 7187
23 62 3743
61 195 5390
42 129 2509
28 73 2734
85 172 5460
14 125 8323
194 200 9442
101 179 9848
141 187 6754
26 199 2445
101 160 2992
44 190 9395
25 164 5099
42 78 1257
72 193 5993
108 120 7208
54 107 9454
22 117 977
105 193 6362
3 37 6130
12 175 2149
108 110 4986
58 129 9483
61 92 5634
20 26 968
12 56 8023
128 140 2930
115 192 9065
52 104 1593
48 153 1366
135 151 3871
13 32 6148
61 103 1672
140 158 7760
37 159 6848
4 15 3097
96 194 606
13 114 9483
45 49 9597
13 180 4797
46 173 4180
113 150 4010
91 96 2634
109 177 8863
115 197 7404
149 151 3881
43 106 3498
104 161 8556
81 131 3093
146 150 7396
27 57 456
169 185 3116
31 190 6521
71 197 7071
110 173 9630
90 198 4625
26 196 9200
44 80 1069
67 112 7120
98 127 9085
77 191 7484
29 183 7755
163 192 1328
40 102 9547
17 189 1548
5 74 6788
54 73 2426
101 151 8994
88 99 2412
59 172 9949
96 100 6487
37 147 7431
23 106 1650
158 181 5112
57 157 1229
65 185 8890
151 170 225
14 150 2275
29 108 3019
77 197 6934
31 51 6615
167 184 8089
6 163 5502
53 69 4548
75 108 5312
164 200 4942
62 136 5201
171 180 8230
16 125 3363
16 174 2836
29 176 5159
33 181 7374
8 110 9602
4 26 3498
12 145 5745
167 191 1239
22 180 5149
83 135 5306
76 139 108
65 110 1385
132 194 2302
50 137 6888
86 128 8930
69 168 9207
128 129 6843
51 175 7256
77 148 4471
9 77 3570
61 84 7497
2 177 7815
22 81 4811
78 99 3542
135 179 9141
81 128 7695
19 38 8636
92 139 3193
161 166 2828
18 69 3110
57 194 2355
22 74 5249
50 180 2946
23 179 2173
187 193 85
129 151 5373
39 90 9229
12 43 6243
23 195 2577
19 128 4233
3 187 7865
20 111 5297
150 155 3302
23 104 381
9 122 1923
100 191 1086
6 118 3820
40 95 7341
2 45 2128
21 173 6634
67 118 2744
9 119 6152
7 196 165
101 155 8885
66 110 6139
1 117 8731
84 87 2336
79 179 8
16 130 6146
11 68 973
115 198 6987
49 132 5240
152 163 8725
49 151 4706
88 155 2125
17 22 6008
3 10 8554
4 54 2602
14 146 4651
45 54 8326
129 200 7505
37 63 689
18 86 9777
43 187 7899
32 136 104
80 183 9712
56 71 1004
104 178 8013
47 150 1670
152 165 7128
48 83 6881
75 150 1982
117 123 4514
56 182 7964
10 59 469
79 121 5165
68 150 8955
107 173 5398
174 187 3621
19 49 7970
54 133 7935
77 185 2350
46 145 4861
17 102 2004
121 178 3239
64 161 8168
24 31 7620
16 64 5957
93 174 1912
17 65 8805
54 84 4380
24 141 9090
152 196 8753
14 89 5311
21 165 3509
78 135 7862
54 126 2225
37 98 112
105 146 8424
110 148 1222
121 131 7680
71 101 1946
25 200 6238
43 66 1188
16 63 7395
13 199 557
147 167 2121
77 134 7806
48 109 4363
65 117 1126
93 172 1895
48 200 2606
6 15 1989
15 120 7549
8 122 1604
138 171 4298
121 197 1833
61 83 6356
61 88 6375
90 170 6179
12 161 4045
13 160 5197
11 91 9474
46 65 8104
138 174 9233
5 10 8563
106 123 1908
51 65 2482
138 141 530
64 190 9149
140 151 6681
28 101 7880
128 185 5130
26 52 9857
158 192 7878
42 178 5755
35 68 8156
1 109 8028
35 150 4592
175 192 3721
49 113 6010
1 130 1581
46 151 7348
111 130 4091
144 188 978
17 85 3801
30 181 1518
161 192 2169
111 127 5130
39 117 9142
17 35 2341
36 178 5523
37 103 7994
39 134 4291
115 180 139
83 126 7480
55 83 4400
23 57 2380
3 120 367
68 136 9281
51 52 2891
27 180 5865
97 154 7421
90 190 9844
11 175 915
78 155 2541
31 153 3099
10 131 1876
76 98 1645
183 184 8089
49 75 8827
110 162 1293
51 63 6698
83 149 2649
22 24 7181
26 96 6219
22 51 5654
109 145 3028
115 151 3596
25 157 2674
28 97 6299
67 100 14
43 60 9695
25 29 6453
21 170 1486
63 77 71
51 108 5736
49 97 9553
128 195 4399
104 125 3387
51 115 7894
56 181 3857
88 116 2940
87 123 8450
38 177 4837
1 48 1514
34 117 1084
1 195 4224
48 76 7882
95 127 2751
118 178 6325
34 108 3140
27 40 1530
21 119 4668
64 84 9449
83 176 7227
48 157 7746
51 143 6396
42 156 387
153 172 5228
53 115 3838
117 127 8629
53 196 3196
17 195 5003
8 115 5157
127 143 9513
61 174 9259
49 161 6745
20 47 9241
115 145 3669
118 180 2990
2 85 2896
33 79 8185
31 65 5427
29 96 2388
130 167 9785
55 122 7809
116 149 6442
3 16 9765
112 130 4888
83 106 758
20 21 6267
42 180 9814
115 129 3661
74 115 1949
48 142 6068
15 52 3223
79 182 2899
100 182 3475
48 161 6719
136 154 4231
3 185 4018
12 189 2932
165 182 9858
31 137 8365
18 110 1438
144 157 5670
4 71 4398
17 43 1807
23 26 2136
93 173 1709
4 150 4930
16 45 2013
148 165 4763
21 94 8551
77 132 7895
103 187 6564
58 79 5294
114 116 4368
17 132 7332
135 166 237
13 28 5990
36 91 477
16 194 5001
137 179 8878
124 136 3747
8 161 8483
155 199 1334
127 132 8278
97 111 5328
79 102 4559
85 93 1828
3 35 9859
14 176 3238
119 121 717
121 172 5336
138 192 285
31 38 2583
119 159 5188
14 65 5493
146 192 1099
149 161 6613
45 72 3349
143 194 9913
74 197 3531
117 131 1995
42 197 4386
45 82 2173
139 146 4412
170 180 9553
22 138 5091
27 120 4967
117 129 470
59 93 282
30 166 8337
101 187 8537
8 167 8365
115 199 2183
83 194 4221
81 124 4386
90 172 7412
94 112 4867
81 127 2663
14 177 9978
7 179 6951
1 21 3735
171 192 9578
32 89 4264
32 138 9806
99 152 1926
16 148 2349
87 192 4190
142 153 4862
32 72 6304
15 127 3521
131 147 953
25 193 2153
110 198 1217
31 48 4696
190 191 468
35 75 4027
117 195 6289
109 123 5242
111 131 356
95 154 5438
16 112 7523
70 104 4783
40 110 6683
152 184 6741
149 177 297
53 148 3723
97 101 9367
50 177 2578
97 157 5484
21 163 4139
55 78 9650
112 155 6482
25 67 1046
75 104 2123
160 174 2850
104 188 8174
57 97 2106
41 186 4945
96 111 2105
19 68 8906
6 185 4345
79 83 5201
32 190 2932
31 52 6103
112 150 8205
131 139 8713
110 160 925
30 46 1587
72 115 2847
45 182 3701
36 184 5979
48 104 4805
23 41 1091
49 85 3882
163 187 1791
69 70 1620
120 141 8568
9 91 7308
14 61 2966
91 140 3808
75 200 3691
29 90 4491
82 149 1868
61 109 901
34 174 4323
49 121 3503
78 147 6454
9 54 2397
41 93 3844
19 86 8850
93 159 3397
120 134 1581
88 149 3023
160 173 9445
148 182 9880
59 95 8293
63 150 6814
61 87 8215
