50 4000
25 39 8527
7 50 284
5 39 8396
20 49 188
3 47 4087
7 38 2768
13 43 4829
13 49 312
16 45 3952
19 44 8335
5 15 7747
32 50 312
11 17 55
2 17 5914
12 35 8505
9 18 1274
18 34 2103
22 47 1836
17 38 4422
19 28 7097
15 27 5189
20 42 4144
27 31 1407
10 45 6172
17 36 4835
4 14 3689
23 29 7572
42 50 9319
17 28 4096
24 40 4714
3 46 9984
22 45 6663
20 36 8260
4 5 7758
4 7 3307
44 47 3991
12 42 2517
5 42 5263
1 32 2826
21 41 5903
11 25 791
5 9 7537
36 40 2748
9 21 3970
27 38 3062
25 46 6774
29 46 7645
4 26 1694
15 30 6908
40 50 9290
12 31 9172
25 38 1086
31 43 6816
32 49 2422
13 16 7175
25 35 6217
17 18 5203
1 19 4111
6 13 8211
7 19 4818
7 18 6931
43 44 4998
21 47 5079
18 29 2568
27 39 7674
16 40 5351
13 35 5001
39 46 966
22 27 2381
15 32 8973
3 37 5244
1 27 34
6 11 2240
29 44 7466
20 22 3298
6 9 5856
22 29 1550
48 50 7025
15 42 902
33 43 6158
19 30 2036
17 31 2367
29 38 3712
14 16 7335
7 9 5989
12 27 6395
23 33 8388
26 39 2018
8 28 2389
14 23 1484
34 43 1745
6 38 5586
22 35 2928
35 44 945
13 19 8579
39 47 7686
39 48 2258
21 25 5512
1 50 2627
24 28 6265
22 32 9039
9 28 4298
19 39 7269
28 40 8577
38 49 2458
41 48 6475
37 40 7223
15 19 7025
25 31 4016
21 27 4045
16 20 2134
7 25 1977
7 13 5852
17 50 1932
1 11 9002
23 49 3875
11 40 9875
30 32 9345
14 35 7575
20 40 6790
17 49 4504
12 21 7041
30 41 7804
38 44 1093
14 44 2391
4 24 669
13 39 2758
1 33 6671
38 42 2187
26 41 6449
40 47 8956
2 39 4191
10 30 7002
15 25 1864
3 42 8770
9 33 6555
23 35 5830
8 49 8676
5 36 5961
28 46 8759
21 49 3644
7 46 4360
11 42 8811
9 49 4544
19 24 343
5 18 1393
1 10 4082
5 11 1283
19 32 4796
6 18 9238
1 45 880
9 37 2903
7 15 1133
14 48 5630
19 22 4101
5 19 3357
15 17 5848
10 50 3576
10 44 1358
25 40 1188
8 32 6791
14 29 3378
3 30 4834
20 27 8201
35 39 8864
11 36 1445
35 36 7702
35 45 2609
4 25 9284
2 7 5189
24 41 9033
11 13 9344
13 26 1698
9 36 7044
2 3 3094
2 37 8403
1 30 6643
13 15 4381
3 48 2679
8 48 5895
37 49 686
2 28 1051
48 49 9134
19 43 4194
8 40 1012
4 39 1250
16 23 7500
4 37 3543
7 34 834
26 34 547
40 45 3884
7 20 8661
12 13 7940
12 46 6203
28 45 1335
27 47 9831
18 19 1902
12 45 4290
8 30 6703
4 38 3459
23 30 3364
15 28 1821
14 33 5110
20 48 1756
11 32 3057
10 39 6926
16 50 5223
4 43 1714
8 35 3969
2 45 7074
3 26 6602
33 34 9983
16 38 6634
11 20 9984
27 32 178
3 34 1338
4 13 3100
11 34 1518
11 15 8480
40 44 5366
10 24 5110
4 28 7150
20 46 2384
4 27 3522
5 48 7731
10 42 3979
8 34 7609
28 41 9768
12 38 7015
18 32 2942
11 41 6495
21 32 6048
4 11 3301
21 39 7997
4 8 7554
42 47 8125
20 26 7290
27 34 313
21 37 126
9 44 6253
28 30 5153
18 35 4798
27 49 7883
22 24 1578
9 17 4271
29 31 3781
37 43 3148
14 20 2013
2 18 3366
22 39 7666
21 50 2210
1 6 2760
12 20 8980
26 50 8104
28 37 2521
29 32 4890
10 23 6340
34 40 2771
15 48 888
18 27 2318
13 23 7641
43 48 2491
22 25 5875
21 28 9866
8 38 7944
16 42 2293
27 44 6731
24 44 7585
13 20 2045
10 17 9267
24 45 9738
45 46 8483
15 26 7715
7 31 2034
11 16 5561
46 48 2330
9 25 9918
25 28 4873
31 34 3116
7 12 1981
2 30 2466
39 44 4542
14 15 866
3 6 3279
30 49 7436
5 20 674
29 48 4648
14 17 9966
34 42 6486
27 30 9938
16 18 8630
9 32 935
23 45 7446
14 39 1639
31 48 3870
5 12 8015
5 32 4221
32 34 1365
6 43 3234
24 32 5033
20 32 8586
1 25 2861
26 42 1756
4 22 7413
35 42 1718
1 4 1341
16 48 7829
27 48 6429
8 23 9047
14 26 3773
11 26 5378
6 33 2760
3 16 4672
15 44 6146
1 26 6848
3 18 2552
14 31 3550
19 50 2348
18 49 2733
5 31 638
20 44 2186
5 17 4314
45 48 5297
30 46 1619
32 46 8171
2 24 8243
9 23 2046
24 50 8287
2 15 2675
25 41 1020
21 45 198
16 21 7909
4 36 7328
22 37 391
27 36 884
6 35 1202
21 29 7451
20 33 8896
15 36 7567
2 47 8291
27 42 5210
18 45 5681
15 21 9917
31 39 2878
27 33 2335
28 29 93
22 26 636
8 10 9830
15 20 9545
40 46 8694
6 15 3288
12 25 2410
5 29 3392
34 44 4953
27 40 42
24 26 6132
19 49 5179
16 30 3775
29 45 6661
16 31 2092
20 50 4076
23 38 684
8 44 985
9 34 8340
16 41 2304
26 45 3697
3 14 2049
1 8 2700
17 37 2210
23 39 1099
7 42 4663
21 36 4878
2 8 5575
11 19 8340
9 50 8190
19 40 1089
47 48 8033
16 17 7616
15 43 7397
20 45 9047
10 12 6798
6 41 3360
2 6 3048
7 26 3329
11 49 1352
21 35 3456
24 49 6704
18 44 7704
11 29 2981
12 32 3322
5 27 2048
28 50 3380
24 29 6198
30 39 3394
25 47 5961
17 41 5463
31 41 6698
17 39 9306
37 39 2725
9 16 6225
4 42 9050
25 44 1358
15 41 301
37 50 2300
32 44 6461
7 40 4184
14 47 7413
12 40 3151
8 27 5812
16 27 3563
5 45 3772
9 22 6685
17 40 9228
23 28 217
40 48 1295
20 30 6132
13 47 4321
33 36 6111
3 39 597
15 35 5328
17 42 4168
8 29 5589
18 50 1698
9 26 792
37 44 1506
7 49 1345
14 32 1254
4 45 9710
20 21 701
9 10 1827
42 49 5070
23 37 2930
3 4 2501
13 32 7769
9 40 1600
9 13 1358
14 42 7805
26 29 9259
31 32 2881
41 49 9513
39 45 1016
25 29 1933
15 22 3233
1 41 4981
13 21 5445
6 30 146
18 43 1995
8 26 2707
10 27 9708
9 47 2821
26 38 7255
2 32 5004
43 50 1557
8 14 3968
18 25 7177
8 17 7656
24 47 6079
12 41 4807
12 14 4466
13 38 7449
21 23 5803
30 36 556
44 49 3789
19 34 4367
25 37 2849
5 26 2043
22 44 1441
25 45 5395
21 33 3159
3 9 2157
9 24 2435
44 46 5310
3 41 1535
36 43 343
17 19 5187
40 43 2114
2 38 7671
15 39 8715
11 18 2732
11 22 3022
31 42 9609
5 6 7107
16 49 1367
28 36 8492
36 42 4971
24 35 4395
5 35 9207
26 36 4308
2 50 9615
23 43 3206
6 40 8955
22 38 6344
10 29 498
17 43 7333
36 48 3809
24 48 8919
3 11 8462
33 37 9509
23 32 784
24 27 1373
21 26 5226
7 47 2768
1 16 9675
1 40 2688
4 35 3335
23 24 4490
3 20 9267
35 49 7554
22 34 1747
15 18 6179
6 29 9172
23 46 660
31 49 8664
36 45 6105
14 37 5700
37 38 9023
16 39 3388
19 46 1957
44 50 3193
42 46 235
17 33 960
33 48 5115
37 45 5091
7 22 1066
13 50 7971
1 14 3149
5 49 8140
32 48 1979
32 45 254
6 37 3575
13 17 8668
17 30 938
1 9 327
2 46 1378
23 40 6281
28 48 8477
7 30 7073
16 37 5827
18 38 4257
7 37 7782
11 27 2665
33 35 4267
10 46 1665
6 46 8358
8 25 664
13 24 567
14 28 6640
44 48 54
1 24 470
42 45 6431
9 19 7090
17 22 5150
2 20 7043
24 42 7193
38 45 8999
14 41 976
15 45 3949
4 46 8149
35 46 3404
22 33 2555
6 50 431
19 29 3409
10 35 4359
19 33 3819
1 37 2862
11 48 5108
2 9 6477
8 16 8662
7 43 7021
5 38 1749
21 30 1485
27 46 9502
17 45 7960
10 14 6003
12 49 3108
13 33 2468
3 13 3019
14 45 396
5 30 4185
18 46 8657
23 34 7962
3 31 4601
22 31 2464
24 25 4701
13 27 3943
4 40 5246
18 22 3818
20 35 9050
32 42 4386
18 48 6093
12 28 4305
45 49 4343
14 24 7138
7 28 9650
13 45 5199
4 23 4432
20 47 6383
14 21 3622
21 48 4710
21 38 6234
8 15 1066
11 47 5406
30 44 6966
19 48 6426
5 43 5393
7 17 5883
8 19 6620
13 44 8493
15 37 2286
31 35 9114
33 42 7488
28 35 5519
2 43 1223
5 8 3475
3 40 37
26 44 1367
30 38 6894
5 21 8700
25 48 1834
3 19 6343
27 37 7776
17 25 4357
13 14 1309
33 45 9119
41 45 4279
24 46 7627
28 39 1077
4 30 9736
24 43 9130
8 39 9128
39 41 3509
8 24 5483
29 34 714
14 49 8031
7 27 9262
9 27 2489
8 47 804
21 22 8626
3 49 7867
14 36 19
9 46 8644
6 23 3854
24 30 4853
20 25 9410
5 34 303
15 49 8140
13 37 5214
28 42 4637
31 36 3670
2 23 592
1 39 24
29 39 3064
32 43 1767
15 34 3932
6 44 1886
31 45 7810
38 46 8302
2 34 7356
12 19 7640
10 22 5844
10 43 1886
11 12 9593
24 37 4554
30 45 2167
3 24 6619
31 37 8
16 46 2691
45 47 9708
2 25 8113
2 41 2570
1 42 1663
1 7 9780
3 44 1420
1 3 907
2 10 2663
1 35 3784
1 5 6720
5 14 7301
4 41 5950
37 48 3151
28 44 6736
35 43 3117
2 12 2372
36 38 8573
7 48 8697
8 33 4963
23 27 2661
17 29 4961
30 31 5878
11 44 324
20 39 7545
39 49 8020
3 5 4588
9 43 1066
9 48 7604
29 42 2271
20 31 7517
14 50 4264
35 48 8581
36 37 9251
3 45 1464
13 40 4129
8 13 1977
34 45 4129
22 36 6949
24 36 176
14 18 919
22 48 5714
12 36 8827
14 22 8814
6 34 3811
10 33 3629
8 18 7707
17 34 6545
6 49 8622
36 44 310
12 48 3444
6 45 5674
3 7 9410
27 29 8731
25 33 688
22 49 4853
19 23 9208
21 24 9608
30 37 788
26 40 2139
3 29 7108
19 47 9858
10 36 6834
10 18 9489
7 29 1878
33 47 366
1 31 3080
21 44 3335
8 50 857
26 43 3033
5 44 2864
13 29 9644
7 36 8773
5 46 351
5 25 6447
7 21 9687
23 26 591
14 43 7479
12 39 745
23 42 5838
11 43 1061
8 22 403
10 41 4505
4 48 8977
18 31 5989
38 48 6434
18 39 5564
41 50 9661
10 49 6981
33 39 8639
25 50 3189
4 31 7163
1 43 58
16 43 8146
17 23 6072
29 36 5841
38 41 3284
26 48 6988
1 38 3266
2 33 446
9 41 9502
6 36 5614
12 18 8268
23 31 6448
10 32 4529
32 36 7536
34 47 4094
12 30 3935
43 46 9551
7 41 9724
9 14 232
2 44 4033
33 46 5594
7 10 9059
13 25 5064
19 27 327
3 15 5405
17 47 3460
23 41 3561
19 25 4765
1 20 2048
18 36 5691
32 41 8113
8 37 7499
33 50 3670
10 19 2893
4 50 352
28 47 9240
34 41 4976
35 41 5598
11 31 7013
29 35 2724
15 50 2729
18 26 9070
4 18 2491
6 14 6875
6 31 4570
35 47 5190
29 40 4358
18 24 6872
2 14 9718
44 45 9005
6 48 2025
47 49 2253
21 43 2813
32 39 103
2 40 6385
6 27 5405
5 33 4283
26 47 8818
12 37 4745
15 46 8260
1 44 7064
19 20 1561
28 34 9958
25 34 9196
11 50 2168
4 34 84
15 29 9482
23 44 8152
8 20 9354
6 32 2900
34 50 2931
36 49 7658
15 16 4506
23 50 5289
4 47 2939
15 38 831
6 25 8897
8 45 4846
21 40 4520
6 19 5279
41 42 8194
21 34 2042
1 12 3275
32 33 7376
5 40 5854
24 34 975
36 41 8883
13 30 2435
3 38 3935
45 50 1740
22 28 3866
5 50 788
3 25 9374
2 4 4060
17 20 7812
26 33 1915
1 22 5535
14 27 9319
10 25 277
10 13 191
18 42 6897
4 20 8142
32 38 2170
8 42 9744
49 50 1345
13 22 4241
3 33 6173
13 36 6298
35 38 6662
11 35 7195
7 33 5475
4 21 631
18 47 5701
4 17 242
15 40 3680
19 38 7756
25 49 2540
12 24 8266
36 46 2127
8 21 8792
9 15 2680
5 37 4001
11 33 9292
24 38 8747
19 42 9938
16 25 1219
41 46 8845
25 36 4475
3 22 764
19 31 8277
15 31 850
33 44 6590
11 14 7238
2 48 9723
19 35 1643
29 50 9237
43 47 5517
10 26 5044
3 12 2368
16 26 5949
11 39 6169
20 43 2075
18 41 665
21 31 9087
3 32 6572
18 33 8631
28 33 1014
1 28 7502
34 48 4312
9 11 3257
2 35 2693
29 47 5470
22 50 9064
7 45 994
6 17 1937
16 28 5545
3 10 3331
3 23 9149
15 33 9375
2 5 8234
2 31 9535
10 40 8255
17 48 5249
16 34 7733
7 14 2553
37 46 9660
30 47 5270
30 50 8938
14 34 768
31 44 4899
4 44 5318
1 49 6072
17 32 3801
31 50 1871
9 20 3752
28 38 8278
20 29 4298
13 42 5847
4 29 3278
9 31 3273
18 21 690
2 16 8700
36 50 2917
3 43 8147
34 46 4173
25 42 2799
20 28 4007
5 22 4816
6 20 3283
32 40 7579
39 50 9339
37 47 3705
6 22 1607
17 26 5237
21 42 3282
23 47 6547
19 37 778
1 17 9121
26 49 1658
9 39 5263
14 30 1064
10 48 158
2 49 6893
46 50 5498
42 48 4023
5 7 3655
2 27 6481
16 32 1597
5 13 445
1 23 8610
5 41 6551
31 46 5340
40 49 5882
1 48 3107
6 42 7678
16 24 9512
7 11 9320
1 18 2040
22 30 3647
6 21 7198
34 37 7136
26 28 924
8 36 2289
16 36 1624
6 47 1429
41 47 3287
18 40 7301
30 35 1722
15 23 2393
13 31 2890
16 47 8568
6 24 3780
17 24 9525
2 29 6325
12 22 9190
27 41 3284
5 47 7059
40 42 3651
1 47 9747
24 33 6051
26 27 6807
4 33 8330
5 23 4994
26 35 8662
33 40 2175
18 28 3070
25 30 1009
2 11 2476
11 46 8360
5 24 6029
34 38 4761
13 46 3556
6 7 314
43 49 6146
10 20 928
27 35 9735
16 44 1529
6 26 84
31 38 9881
11 38 8952
20 38 1493
21 46 3830
4 10 768
36 39 3673
3 8 745
34 35 6983
2 21 2385
19 36 6566
38 40 141
4 9 626
3 36 6992
12 44 5658
19 41 2181
41 44 29
23 36 2992
17 46 744
23 25 1010
31 33 3260
6 10 6094
7 8 8033
16 29 4303
4 19 157
1 21 4869
8 12 2834
15 47 7395
10 31 9355
3 21 6042
3 27 4933
47 50 8051
18 20 2461
12 50 607
7 32 3085
40 41 1327
18 30 9494
8 46 3250
22 23 8813
8 31 6146
32 47 4869
11 30 269
22 43 1632
9 30 5188
15 24 2501
25 27 6342
28 49 192
39 42 58
2 36 2348
12 47 1934
46 47 9313
3 50 1907
33 49 8574
22 40 8661
41 43 6325
38 43 8235
46 49 41
2 22 8498
8 11 3128
3 17 7641
37 41 5816
10 11 3101
34 39 3267
12 33 6291
6 39 866
27 28 9287
30 33 8123
29 30 8758
11 45 1050
14 40 157
5 16 81
36 47 8625
3 35 6335
2 42 4715
9 29 2849
27 43 7737
10 21 1884
24 31 614
26 32 7510
11 37 2004
2 19 2007
19 21 3439
43 45 4643
10 16 4609
6 16 916
11 23 4661
39 40 1113
20 41 1468
16 33 7232
26 37 401
9 38 6149
29 37 2861
17 35 8873
1 2 5657
13 41 4401
8 9 5160
13 18 4899
19 26 3808
17 27 7216
17 21 4268
20 34 7746
22 46 2643
7 44 3045
4 12 229
1 13 6885
12 26 7819
5 28 3739
10 38 5868
22 42 3926
13 34 9631
8 43 3547
12 17 9813
31 47 413
6 8 1665
14 25 620
4 16 5870
14 38 2413
11 21 2591
3 28 8700
12 43 3396
2 26 116
7 23 4482
29 33 7226
28 31 4015
12 23 6557
19 45 880
26 30 1614
28 32 2723
12 15 6703
33 38 139
10 34 525
4 15 7487
14 19 7981
13 28 2082
1 15 2424
2 13 7696
13 48 102
9 12 4221
25 32 6972
38 47 3421
27 45 7397
9 35 7907
25 43 3393
9 45 2282
32 35 2592
6 12 998
1 34 1357
20 24 7128
7 16 3274
12 34 5635
30 48 6688
35 40 1489
34 36 4083
4 6 7188
16 22 9767
7 35 143
33 41 4981
11 28 5088
7 39 1803
12 16 5123
18 37 8647
12 29 8936
1 36 3970
26 31 1664
29 43 3772
35 37 7930
4 32 1019
24 39 304
39 43 3187
35 50 3248
34 49 7764
1 46 1243
25 26 1287
38 39 8032
29 49 1286
42 43 2902
10 28 1646
38 50 8363
4 49 3509
5 10 7904
17 44 2859
28 43 5056
6 28 4147
18 23 2372
8 41 3678
30 42 4121
1 29 7404
30 40 6044
37 42 8337
23 48 3754
10 15 5480
29 41 2122
30 34 5643
11 24 4471
16 19 1550
20 37 8127
9 42 1823
30 43 3261
10 37 782
22 41 2022
42 44 8028
7 24 2309
16 35 1557
31 40 4872
20 23 7132
10 47 7287
26 46 5083
32 37 8775
27 50 5368
14 46 4307
8 36 9604
41 3 3072
8 22 9847
38 18 1821
24 25 271
31 38 1848
44 41 4399
27 16 9358
3 31 2872
16 11 7291
23 17 7606
11 12 8427
10 32 568
33 15 1745
7 34 3475
29 45 2428
3 33 802
44 50 5622
40 18 2003
6 25 623
24 29 3294
46 44 3374
31 29 684
40 22 2777
25 36 1910
42 23 471
24 36 6150
42 32 6944
42 24 284
40 24 7714
29 34 2601
6 4 1994
34 19 2529
25 34 5312
50 37 8582
27 31 1203
42 37 406
31 5 4765
19 5 8311
23 36 9314
4 42 5889
15 46 9454
3 7 2598
50 35 3034
20 23 1838
42 7 4571
50 14 4222
9 22 2875
16 45 3014
33 13 5163
19 27 6446
9 20 4466
49 41 5070
39 44 9987
19 9 6702
43 12 9766
38 46 4568
39 8 5695
43 5 2868
13 25 5828
14 26 1435
46 25 9806
26 47 7989
4 8 69
31 35 5358
43 26 8008
31 13 8668
4 45 2383
17 1 5295
29 50 8858
24 36 1395
46 30 4554
28 5 4430
40 35 4739
36 30 5650
9 45 5648
19 44 1989
40 18 8231
19 23 803
30 40 4756
44 2 8085
23 32 3476
30 10 7954
12 37 7364
28 31 753
27 10 7317
49 26 4982
14 5 9358
42 10 8235
3 40 3976
21 31 3091
42 14 7173
7 9 6128
38 3 817
13 21 2667
19 31 8177
40 25 3796
34 38 4043
33 17 1127
6 48 3656
8 48 4203
50 3 3524
10 31 6460
21 34 9770
27 3 4649
39 5 3340
10 34 3520
23 16 3671
7 26 2384
19 37 7350
31 22 2615
4 12 6474
4 10 8519
10 25 9344
27 19 6618
20 29 5944
48 19 2604
16 12 7317
45 17 4888
45 5 6000
20 4 2424
8 5 2957
4 14 8305
46 28 1446
39 23 3827
32 48 5906
3 46 853
16 9 1661
18 26 6955
9 46 935
17 11 6395
13 8 2822
38 17 7901
42 43 574
22 15 2583
19 4 8552
19 25 1303
33 25 7023
27 19 3617
48 21 3327
36 16 2526
41 23 2947
17 15 3308
39 34 7758
1 48 1901
42 2 9094
32 2 424
3 21 9225
22 29 6120
17 27 2746
28 20 8634
45 6 7987
29 31 4522
5 27 7950
11 3 7528
27 1 2710
24 32 6381
3 7 3734
10 28 969
29 10 5784
25 36 9039
32 3 5873
35 42 3908
30 38 5583
27 46 2947
42 40 4013
39 5 1710
19 6 6669
32 29 5383
2 16 3105
5 37 1711
43 9 8883
2 11 1814
3 27 2606
39 19 5275
6 24 3797
47 13 8058
43 12 4551
23 25 8454
16 17 988
1 14 1593
10 22 8714
46 34 5897
50 43 1676
42 25 2535
21 3 6272
43 11 2676
12 5 3068
38 43 3627
8 37 1782
10 28 6805
18 26 2083
23 12 2915
2 28 287
16 30 3468
8 45 5971
13 23 1592
29 47 3591
4 5 2380
27 19 8
45 43 1841
32 4 4950
1 2 832
4 23 2542
19 38 6360
7 12 5225
25 39 7859
3 2 4997
36 14 1278
20 14 721
5 45 3406
11 47 9684
15 19 5472
44 30 4425
22 50 5535
22 3 6878
27 39 6662
27 24 5065
8 48 2318
4 8 9271
5 17 9359
26 33 6509
49 28 3244
44 4 2409
37 9 2814
42 13 4458
47 43 7074
27 25 5032
11 1 6868
16 20 5724
16 40 1730
45 35 2864
16 35 8361
19 42 6340
42 13 2732
1 50 4914
10 50 4150
3 23 10000
33 12 3484
27 5 2380
39 41 1361
48 16 5536
2 17 7536
31 19 387
46 18 9462
25 37 1566
16 34 558
2 20 8626
14 47 5866
8 36 5111
24 2 4097
12 45 4936
20 31 4579
5 2 4583
50 9 3395
39 22 7912
19 12 1019
41 14 1434
16 10 9256
50 32 2236
33 7 82
12 11 8731
47 24 9365
39 42 614
3 28 7189
35 27 9546
40 26 3622
30 23 9406
26 24 2255
20 24 4924
43 19 9665
49 9 3192
8 44 2051
11 32 180
6 45 4892
22 28 9329
17 43 619
34 30 2612
22 9 8974
5 46 1997
31 7 2493
45 11 4338
13 26 6264
33 2 5217
23 1 3490
45 50 59
43 45 1090
19 43 1759
6 12 4422
9 12 5849
23 18 4197
29 24 3590
15 1 2062
15 8 3157
4 38 907
32 18 3349
28 19 2989
21 9 460
6 10 5240
41 21 2084
20 14 4180
17 33 9698
47 25 6551
44 41 9938
17 48 1261
39 25 1272
9 36 8372
24 12 5486
2 20 5142
14 43 4461
20 45 397
11 22 3349
38 13 5197
26 49 5174
29 14 4262
49 21 4094
29 14 3903
45 37 6365
48 27 6849
15 17 776
34 44 2432
41 12 3483
17 43 4330
33 5 7102
33 32 2922
12 13 5367
4 2 1332
12 40 1873
20 23 3974
22 37 1259
43 26 117
44 7 4019
10 45 4475
22 34 346
17 28 8177
1 4 2819
4 46 5417
45 33 9746
37 49 2633
6 46 3069
35 20 612
25 1 8881
11 42 8657
44 13 8605
34 45 8753
49 28 890
5 22 596
26 37 8888
41 35 4050
15 13 8021
50 7 7912
28 34 3370
33 29 1552
43 21 9272
16 47 7745
32 41 7198
43 9 3949
26 16 3720
14 13 8630
49 17 4320
37 6 5495
34 16 5278
26 23 7328
5 7 3149
1 12 8321
44 41 8097
48 7 105
44 36 4390
18 6 4790
18 45 4121
45 35 2237
23 49 7706
18 43 2572
9 35 5043
2 48 5124
13 50 1875
8 30 3218
24 14 8644
24 49 4825
21 17 7402
21 2 3271
47 14 303
13 41 791
45 27 3042
26 48 9715
11 17 6437
25 5 7251
26 39 6087
12 27 2837
48 13 5776
2 19 8686
28 19 2358
19 33 4347
41 18 3310
38 39 727
2 13 4155
24 44 1636
43 26 61
43 48 8387
31 28 2733
49 43 8598
26 28 1466
38 1 349
49 12 5242
39 45 8991
43 20 6345
19 34 2573
16 35 4434
15 49 3923
3 24 962
49 34 3891
13 21 5673
45 11 9444
44 15 6591
10 22 8589
50 43 262
22 46 5424
49 22 6258
39 37 274
8 50 236
32 35 9049
44 22 618
26 27 1243
28 7 3124
3 49 7586
11 36 8943
34 49 5781
46 7 138
47 23 3290
35 23 6632
44 1 8585
15 13 2078
13 25 8935
48 25 8264
1 28 6732
9 42 4438
37 33 8515
14 49 2115
6 30 7174
8 18 2889
13 15 6777
40 46 5705
46 11 8950
25 27 6039
21 24 3026
9 43 1590
22 42 3168
44 34 1606
41 16 8086
36 42 3609
45 35 5017
30 1 3856
34 26 5752
21 10 4636
12 21 122
16 17 9039
35 50 997
41 12 4060
7 5 6539
50 26 8797
49 45 7578
31 35 7638
17 40 3080
23 34 1812
11 15 5717
42 41 2541
49 41 6557
16 44 5816
27 12 254
7 43 6546
30 50 5408
30 46 9028
24 16 8004
25 23 3407
16 29 3504
34 13 3796
19 49 196
1 34 898
36 48 286
22 50 3558
46 45 4447
16 34 5753
16 48 9645
22 16 8959
3 14 1146
26 11 4002
27 29 8985
6 1 3807
48 2 8819
44 28 2783
47 19 3482
32 17 7315
24 33 5400
6 4 1707
42 15 3478
8 3 382
38 35 8086
43 28 2255
5 19 3529
19 3 8502
1 19 5057
12 7 866
19 2 8612
44 36 9695
29 39 7545
43 8 4484
49 26 1831
41 49 2810
44 4 601
39 16 9284
20 35 7840
12 6 3643
47 25 2813
7 22 2589
13 14 4410
17 20 1213
13 23 6419
25 42 2096
28 41 9651
35 46 8209
7 45 5047
6 29 8948
12 33 9327
29 33 3436
4 33 1424
15 28 2225
30 33 887
1 7 4618
42 31 3126
5 22 2954
35 6 6272
32 46 5894
40 39 2887
24 45 9429
19 42 5359
43 21 2643
35 14 6244
18 5 4892
47 12 7084
22 2 7840
40 3 4206
35 25 7806
2 6 2515
1 44 592
36 37 3553
40 2 4374
22 14 1576
20 9 4342
21 41 3698
25 5 814
22 45 1969
11 32 3202
14 50 1816
6 4 6530
8 35 274
22 18 8431
16 25 5453
8 28 964
16 10 7815
29 34 2360
6 24 4034
42 10 7682
26 12 1540
32 22 286
30 7 2340
29 1 4809
24 21 1149
24 19 5193
18 30 7633
3 42 5815
23 1 2102
22 23 4689
48 32 3402
24 41 1476
40 28 8329
3 33 9372
27 10 438
43 22 7614
36 11 9369
21 6 2469
26 41 6699
34 48 8838
37 39 4233
10 38 240
34 49 8524
33 43 5646
2 12 7165
40 2 6095
18 48 3873
35 12 14
23 20 188
47 46 6228
13 47 603
28 16 9979
35 32 4139
32 42 4452
24 1 339
10 42 5190
17 19 3322
30 36 7168
10 35 2150
26 2 2261
27 15 1483
44 14 3010
19 12 1826
29 7 6084
40 20 4151
21 47 9993
39 32 2669
8 39 8522
10 30 7440
15 23 2101
45 37 666
19 33 7883
34 24 6677
33 25 9313
33 23 5020
3 12 4432
37 46 1287
5 6 596
40 22 3079
1 18 9351
41 38 991
33 14 2149
17 49 5561
17 48 2860
39 4 5372
5 39 3217
6 31 2797
7 48 5061
12 7 6430
6 24 942
27 39 1898
8 32 6926
44 39 725
39 43 3085
5 25 3550
47 43 9896
43 1 3671
19 4 7153
24 7 6077
48 1 2130
33 29 5365
25 27 1633
1 35 40
12 18 3717
12 34 4155
10 30 3486
13 20 7358
13 22 7376
50 18 650
46 5 5557
46 28 980
14 16 2760
39 29 3990
33 34 4212
3 6 1685
40 7 605
13 16 319
11 42 237
4 25 5449
6 24 2092
48 50 721
20 5 3036
35 33 5190
13 30 1000
40 39 5258
49 17 8039
18 50 3095
19 23 6055
27 26 2432
21 45 4777
37 24 2079
24 39 4734
6 43 5423
23 38 607
35 31 5692
14 10 3148
20 44 8468
35 26 9967
4 27 8356
37 20 3368
48 4 8108
8 24 5156
48 10 7729
16 12 6522
9 24 2739
28 25 9027
50 5 4392
2 44 4854
41 12 5236
26 6 522
49 4 2534
5 41 1604
22 32 2548
5 36 2278
45 50 6174
8 26 4792
16 37 3070
3 14 9268
30 1 4631
8 1 5104
48 20 6722
22 46 282
22 40 7317
44 10 1775
42 7 6927
6 26 146
47 2 6877
18 9 437
4 24 5320
27 43 8011
47 20 6621
25 48 9667
16 43 1927
45 2 385
37 28 3738
23 19 6318
43 18 1923
42 45 2668
26 45 7033
49 48 1284
20 28 466
15 8 8376
18 40 6669
45 34 5073
29 16 9837
28 17 8474
13 18 3316
21 16 96
1 39 663
15 36 2749
46 48 4449
21 31 1825
30 31 812
31 13 9343
39 46 3512
34 30 9391
37 10 4729
14 30 8367
10 14 2812
32 43 5343
32 28 4576
47 49 802
42 45 7192
38 50 6504
25 15 3690
12 35 2297
48 22 6592
39 29 1797
39 25 3833
6 49 6164
16 40 5334
29 50 3162
3 32 7555
17 15 3141
22 47 4381
28 16 3402
37 25 5599
19 10 4101
17 2 4404
7 48 4146
43 17 4780
46 17 6668
4 33 8616
40 9 4576
24 50 1615
28 3 3901
28 15 2907
45 15 6755
39 25 4410
23 6 2112
27 44 113
49 19 5842
17 29 3015
28 44 6237
44 10 9839
3 34 5395
50 7 2730
44 38 5295
10 6 4850
5 35 580
40 21 6666
45 8 2684
26 36 3283
2 25 9005
25 35 368
15 28 4257
8 47 4374
10 29 2193
46 1 736
10 19 6959
6 16 8855
18 41 6456
18 44 1450
5 21 2935
38 43 3028
10 13 3564
7 4 9326
17 21 20
44 36 3128
10 42 613
22 44 1427
22 43 2542
38 19 8189
21 17 7607
7 35 4918
13 49 921
20 19 6126
1 31 1701
22 11 6739
45 37 7151
12 4 9935
12 35 7276
25 48 7845
11 15 7571
21 44 4860
18 47 1025
3 11 1677
9 32 9026
23 16 324
21 42 8999
9 26 1172
47 26 812
44 18 9794
39 19 4974
19 18 1076
39 42 4289
6 37 4690
6 46 7878
9 8 4719
15 21 876
34 13 7537
40 46 9077
19 13 8537
40 50 5869
9 22 1558
46 50 1947
11 26 6234
31 6 3576
46 43 8640
27 9 2618
14 19 2681
10 2 3483
35 42 1554
40 35 6052
11 37 7038
27 16 5984
4 41 2113
34 16 6564
3 29 8473
41 22 1746
40 15 3496
3 33 8094
25 44 6352
4 22 8271
23 48 688
5 40 4805
20 35 9705
21 11 6385
20 17 1249
44 40 4559
31 19 4348
41 4 5293
21 6 4039
1 18 7706
3 11 7366
19 25 2423
24 22 7670
35 13 7229
11 18 1023
48 35 3227
33 9 2637
24 43 271
34 35 874
15 24 9724
39 36 4780
49 48 8513
8 42 2235
26 46 5561
1 42 5530
10 29 7801
2 40 3415
17 6 2731
47 28 525
36 23 7578
4 43 4889
24 7 9673
37 36 9184
23 3 8572
35 8 7087
9 7 1712
9 30 6034
43 19 9345
32 1 9442
30 18 8310
30 48 8585
50 9 6909
4 9 1999
36 17 7736
48 24 8906
9 46 3046
37 46 8075
22 25 2997
44 35 7066
27 1 7866
26 11 4754
35 37 4543
28 31 2258
26 35 2858
14 33 8313
21 45 6075
31 33 2346
18 44 7277
42 20 2241
16 26 9332
43 20 3921
41 44 1311
49 35 1823
9 12 2697
41 33 9844
23 27 2679
35 30 6878
43 13 2003
40 9 4744
29 1 7886
3 18 1265
46 47 6341
22 41 4395
28 14 5026
46 29 5478
35 26 2832
3 48 6296
31 3 6393
7 14 6524
38 31 8632
21 47 221
30 36 4918
35 47 723
23 38 4744
20 12 4494
40 42 6701
3 15 4438
36 18 6
21 7 7558
21 23 1781
28 36 955
49 11 5094
38 11 6594
10 37 7298
26 49 5925
50 36 4463
23 34 8893
30 28 6864
34 46 2031
38 25 8479
9 25 8377
49 10 590
4 9 4087
13 26 7855
16 25 1107
41 18 4848
45 41 6604
50 18 3094
3 11 4020
3 41 5571
49 29 4393
43 37 8286
44 25 9063
9 21 2494
6 44 3501
34 44 2585
1 12 9550
18 43 8765
39 22 129
5 14 3441
44 34 4020
19 42 5900
50 44 951
49 9 6977
26 15 3458
32 48 9333
39 36 4211
31 45 1095
38 31 1345
24 42 6042
9 7 5452
39 28 2502
12 17 4099
7 5 128
36 4 5552
24 19 6557
35 14 5025
2 8 7218
26 13 8057
27 15 313
34 8 6578
12 17 7376
36 19 354
29 25 7931
24 34 1649
16 27 1627
35 32 6120
3 21 2136
48 27 5356
34 14 770
6 42 2433
7 13 3492
9 20 9052
38 19 1322
47 37 6926
46 18 3566
20 17 617
6 47 7727
14 17 9889
30 17 4922
43 13 8714
31 14 7356
26 39 7854
36 23 7504
2 4 6078
14 3 2524
13 38 273
43 24 6039
25 23 6205
13 7 1853
38 34 8596
48 3 3281
41 2 7164
34 9 1738
11 29 4782
27 1 8293
25 10 7539
33 24 2805
17 3 9739
21 20 6815
15 20 6158
31 36 4742
34 6 9694
19 3 4071
32 40 8214
6 43 1958
15 37 3399
26 19 6628
21 47 7727
39 11 9257
30 27 54
31 42 5694
27 11 1375
11 35 799
42 16 7004
32 29 9654
34 6 5874
38 21 4105
39 31 772
49 37 6694
28 23 7407
24 40 9628
7 8 197
35 7 3975
14 47 9128
43 46 1654
7 45 7653
3 29 1990
42 16 6228
45 37 4899
28 33 7038
46 9 453
34 50 2526
23 26 3007
29 18 6913
47 10 4819
8 9 3162
10 40 3945
33 44 9179
17 26 43
44 1 3532
35 43 379
1 46 6938
50 16 2733
30 17 5176
37 16 2427
7 15 4334
12 16 7678
27 30 4759
19 24 1504
28 7 4081
5 32 176
21 24 7486
12 46 3637
49 39 2341
49 1 6481
24 38 8304
45 40 7663
34 23 6224
49 10 6741
23 11 6078
14 1 1775
31 44 9898
47 11 1762
30 7 9202
18 41 4805
20 48 1457
28 48 1102
22 46 8256
23 25 4570
45 19 7747
5 25 3728
33 34 2302
4 12 9341
48 4 6151
47 18 4200
18 28 1642
50 29 7031
33 46 8367
42 32 4501
39 32 6334
6 20 5096
7 45 2808
7 16 5876
18 8 4874
43 8 7938
38 43 7422
1 26 8170
38 42 9602
7 10 2681
23 5 4500
26 27 9638
5 15 1943
28 44 1782
18 27 278
35 1 3197
10 23 4454
10 15 9761
7 18 4460
26 3 233
38 40 1148
10 5 7330
34 36 5491
29 31 2869
31 23 1703
21 50 9996
35 46 5548
33 8 7465
31 22 9199
17 18 8409
31 39 9826
11 12 5461
12 43 152
39 14 8005
34 28 2573
34 40 4959
2 48 4421
4 18 5835
1 36 8104
46 43 7629
3 32 1900
17 49 529
29 4 6157
7 1 4521
18 50 9387
47 19 4027
36 33 2178
40 27 3882
36 42 3196
50 7 3482
6 8 6822
6 10 5554
12 1 5401
25 15 661
24 16 391
18 37 8829
10 34 142
28 8 7460
23 19 6550
22 12 4681
29 24 1490
10 3 9857
20 47 331
20 45 5787
42 6 2703
2 50 6895
16 29 6505
10 7 5826
2 45 4529
27 21 7932
4 20 4049
18 6 3015
46 45 7967
23 7 2886
21 8 3206
42 36 3978
9 37 4060
40 31 944
48 30 7573
46 24 7437
44 12 4252
48 12 1650
11 24 3315
43 2 6781
14 39 9159
19 41 7698
9 23 4835
35 23 9493
25 6 447
10 50 2886
24 18 7310
13 30 2913
19 10 7137
15 25 3925
47 2 1729
7 15 4788
24 28 1132
18 21 6817
42 16 996
37 42 7625
3 47 517
37 2 1557
31 30 5680
4 50 2715
23 24 9430
31 41 4191
13 35 1614
5 18 1860
27 43 5850
7 6 5789
19 13 9823
36 35 9013
22 11 1161
29 50 8520
35 24 6063
41 8 6203
19 41 9731
10 6 5090
24 20 6072
25 35 8349
8 4 8879
49 23 207
25 49 4983
19 18 3062
33 34 6656
43 36 2214
19 17 9409
27 24 9750
34 11 1852
26 45 420
17 40 3412
8 19 6711
1 50 8539
14 48 4950
21 29 9996
18 29 4385
7 17 7889
39 43 9347
49 27 7116
8 36 5133
44 48 4828
15 22 6795
15 22 6504
39 27 3882
19 30 1293
1 22 803
35 36 2291
18 19 7410
30 27 3382
47 30 2733
40 8 2798
22 19 8843
14 21 4791
13 37 6584
14 24 5403
14 28 8446
21 33 5160
19 50 7243
18 50 309
35 25 2184
8 28 5461
10 48 7522
29 45 7455
4 13 4946
40 43 7357
50 36 7604
48 1 5902
1 30 4098
30 47 6776
8 31 8395
21 9 8408
10 38 702
38 31 4988
4 45 2466
26 50 1144
24 46 2564
33 49 173
24 33 6332
12 16 3880
10 29 3308
50 31 7528
18 12 2489
6 33 286
37 44 7977
46 26 9534
41 19 4313
33 29 8433
23 15 1250
21 50 8289
9 43 8589
43 27 6244
50 48 8852
28 5 1792
48 27 9056
35 5 3631
10 37 6900
22 29 6881
20 27 2294
26 41 5213
34 14 5393
14 2 8720
21 26 7070
7 18 9257
19 35 4072
23 26 2808
9 25 8074
25 16 630
20 35 5392
17 44 5455
29 6 7200
10 17 2508
50 45 1677
8 16 9476
13 24 3459
48 27 647
29 14 1746
6 3 1323
4 8 966
20 17 463
16 8 8646
16 6 836
41 21 877
10 15 3592
40 50 4788
24 4 4480
42 36 2246
49 13 575
35 24 9107
33 44 5584
35 11 2302
49 35 2827
23 12 1823
45 50 93
19 29 5114
42 25 2230
36 24 7769
18 50 1159
38 5 776
43 19 5484
33 4 8897
48 38 9490
38 24 6691
10 3 1668
19 3 3508
25 43 737
28 42 2218
46 4 7009
19 36 1284
50 9 5951
44 42 3502
32 26 6647
42 28 5515
44 41 8817
31 24 3614
19 37 8207
14 34 1134
48 47 5229
17 44 2931
5 45 9896
6 29 9346
39 14 7225
2 43 9259
31 50 1443
31 45 7008
8 4 9619
31 15 408
1 19 4589
31 32 2888
4 2 3220
36 25 1828
34 29 1488
40 36 5234
3 36 1415
31 11 2504
34 29 7300
36 26 2421
11 23 6158
27 46 8867
7 44 843
50 23 9395
29 4 1158
24 9 1409
8 32 7206
40 36 6158
14 37 348
21 16 2228
39 10 4156
15 23 5002
29 5 324
6 24 4351
2 50 3201
11 9 8632
26 31 3934
39 9 3819
15 17 5065
32 28 3892
40 42 7760
36 45 2362
3 24 5479
27 48 4305
36 40 358
49 11 7275
3 6 939
39 40 6179
44 2 6023
25 19 9148
11 21 6651
13 1 6934
28 35 7544
24 39 4536
44 24 3095
36 29 2573
42 35 198
43 20 610
24 14 2863
4 2 9737
2 44 5252
47 21 7966
42 21 6580
20 41 4127
2 44 9683
16 6 4197
19 33 8384
22 30 9094
38 30 8135
36 7 2677
40 7 9142
48 39 3619
41 13 4420
10 29 4071
5 39 2771
36 50 5889
6 30 5271
30 20 7299
35 48 5200
7 26 7315
38 7 5837
29 31 5816
26 29 2816
23 36 8245
14 11 7276
24 30 5084
29 8 4253
15 19 1941
2 13 6372
45 10 8308
8 14 5164
22 49 4250
25 20 1371
2 29 7947
11 5 5852
13 4 9963
8 41 5158
41 9 4355
42 38 348
25 20 2576
5 7 8891
36 23 3806
48 14 4367
20 33 6857
11 38 2230
25 13 4395
36 21 1055
48 11 6866
13 40 8033
38 50 1048
11 46 482
44 13 939
26 6 2697
3 6 2397
40 2 2422
33 22 9961
7 5 2411
41 47 1396
5 19 1445
26 30 4535
12 42 6996
19 8 630
25 35 1987
47 30 44
46 10 9352
16 26 3349
20 4 4979
12 26 7221
38 34 3094
12 5 3689
4 33 3793
24 45 3614
9 22 3564
44 6 7531
8 26 478
25 18 5313
33 26 7817
36 16 7557
29 16 6858
19 47 1387
48 24 5124
22 26 3813
41 5 2387
1 50 3698
50 19 1887
3 25 1492
40 19 6991
44 32 503
45 47 634
48 35 8746
16 19 2138
24 21 3580
49 39 5481
20 43 3822
24 14 5056
35 34 2548
50 6 2197
50 3 9052
37 32 1113
31 44 2951
8 37 3193
35 38 6329
9 48 9215
8 48 2275
5 49 8004
5 10 4288
5 9 527
48 38 3638
16 42 7850
31 16 5847
40 6 7250
26 25 3938
27 20 2414
48 28 5444
22 11 8725
22 46 8069
4 41 3163
6 37 5109
10 42 6219
49 25 3149
5 15 7168
13 37 163
10 46 272
4 12 9277
41 30 2804
47 35 3822
10 50 2941
38 23 5266
44 21 4419
14 35 5528
50 8 3155
34 15 7063
37 32 147
37 49 8625
14 27 2466
7 29 9758
33 30 9958
29 11 2613
26 16 524
1 49 1069
20 44 3104
2 26 7818
32 31 3725
23 11 5045
5 40 3335
21 4 8831
35 19 4866
50 6 1538
2 30 2524
4 50 9989
20 39 9511
2 38 2725
13 32 6524
7 26 9247
16 5 4738
15 50 4210
24 16 5
21 33 2586
13 30 2355
9 44 2793
49 15 8120
42 39 7900
46 20 8232
39 33 1206
28 24 5586
8 28 7302
14 8 1328
48 7 3885
37 43 838
31 36 5070
26 14 6373
32 2 8572
32 46 4015
44 37 7214
30 3 2306
34 3 9207
13 35 2008
20 5 743
22 50 9607
50 15 3474
5 42 8533
37 27 1936
11 49 6175
31 9 1808
9 24 5782
20 29 9209
49 21 3718
9 34 9750
43 49 4183
15 42 9479
12 3 8185
41 16 1141
38 22 4163
14 44 1611
36 34 9853
35 12 1097
13 2 918
27 14 3276
31 1 3428
42 18 7704
21 34 7978
49 33 3656
34 21 8935
22 11 3567
37 42 6454
39 5 6973
47 30 7071
48 11 2241
29 10 2869
45 34 3008
36 1 7095
7 18 1308
40 48 4548
48 37 5741
3 28 153
43 31 5752
3 30 9923
17 24 3124
6 35 5014
10 34 9263
2 18 3609
24 39 6481
38 3 3627
26 8 5359
6 3 570
49 40 5790
41 3 1103
24 27 6768
23 49 3368
48 21 8952
39 37 6397
32 12 293
45 3 7276
46 28 3907
9 12 3189
20 50 4085
32 42 3394
26 28 1071
5 39 1
3 29 1414
10 16 5366
18 8 391
22 36 9689
48 21 7614
14 18 2241
6 13 9533
11 4 4566
20 7 3641
16 6 3697
15 13 2568
38 46 6680
37 1 3385
46 34 3309
13 32 5224
14 43 5479
5 40 49
47 15 2757
16 43 4398
12 5 6586
42 15 4526
24 42 3658
6 41 7342
5 6 7754
17 28 1020
15 50 1425
15 4 4386
30 13 3668
4 44 1652
32 46 4887
38 25 3389
1 34 6657
24 32 5238
44 26 3669
45 32 9156
13 40 2199
9 33 7051
1 20 6081
50 45 6796
27 4 8524
7 20 6807
16 4 6040
18 31 4690
37 5 542
13 39 6432
7 26 3102
47 18 9167
8 7 4085
31 50 641
27 24 4930
9 6 7880
23 38 5604
8 7 8764
23 44 8883
1 14 9271
8 21 8946
43 35 6483
49 1 8195
31 35 6795
43 16 1932
31 46 8133
37 23 3454
43 36 4319
36 29 7655
25 17 4585
49 33 5290
19 16 1277
34 30 2439
17 40 8156
20 26 509
37 47 2288
12 48 7058
39 9 729
29 3 704
23 2 2252
35 21 1634
28 15 1805
44 48 5845
33 23 3486
40 4 6637
27 50 3272
39 49 5898
39 23 115
16 14 1365
15 21 402
3 35 5739
35 36 8522
49 33 287
25 2 595
34 11 9018
7 22 8792
49 9 3717
2 20 160
15 33 6127
15 27 1054
43 3 8459
5 23 2550
13 16 4174
45 12 5308
20 4 5171
38 11 5928
28 30 4547
20 37 3486
24 27 6706
32 14 5268
35 31 6634
41 1 4123
34 6 9251
22 36 858
20 27 3908
25 50 5946
10 9 6194
31 7 2449
6 14 587
2 45 6566
37 43 8132
3 32 82
11 39 2319
1 10 5113
22 24 8204
50 3 2258
33 45 1113
33 25 1673
22 1 8929
27 33 937
20 13 2061
19 40 228
1 43 5423
41 4 4244
9 16 561
16 33 5948
18 49 8014
37 49 5211
23 30 1456
34 30 7969
9 15 4805
27 18 2401
8 10 669
38 30 6099
14 24 5676
33 32 4397
7 43 6391
31 26 6226
26 28 5700
29 9 5339
7 43 2273
15 47 4604
31 14 4006
42 17 4834
13 16 8318
36 50 7621
17 32 8126
41 46 9333
35 29 8654
27 48 739
40 10 7078
29 49 7673
27 32 1596
12 13 7410
47 49 8865
48 10 9226
6 45 723
38 16 5633
30 38 4654
22 33 1533
11 46 4819
29 21 7568
8 2 920
34 45 3108
47 30 4039
15 23 2953
40 6 2479
39 42 884
23 48 596
47 46 8815
45 6 5257
39 50 9671
46 22 5184
42 7 4699
47 5 7173
4 22 6049
9 21 6984
41 33 3119
22 19 6085
8 48 3443
13 26 9968
42 6 6913
34 3 25
18 39 3393
34 45 6312
16 6 7528
14 8 3787
8 38 3957
33 48 1154
16 39 676
48 12 926
38 46 529
36 15 117
8 41 7408
6 8 309
17 4 4039
36 50 3393
26 20 5160
45 7 1205
33 10 1527
16 10 3617
11 20 8697
5 6 5593
12 10 9531
49 35 5826
27 5 4063
12 9 1260
4 45 7287
3 6 1174
50 36 495
9 45 5014
9 4 7641
39 30 365
4 46 6251
26 7 7165
23 18 9917
1 12 9385
38 43 3449
50 8 4030
48 25 5213
16 5 6867
22 44 2568
4 18 8397
36 38 2136
26 18 6263
42 15 1880
27 3 4101
34 42 1466
29 37 3465
2 39 9056
29 20 9675
50 12 4138
2 28 6975
22 25 5341
23 30 6694
36 20 1031
19 30 77
40 31 795
44 16 3632
44 3 3026
28 22 2239
38 37 4997
9 11 586
42 18 3129
43 37 4457
32 6 11
42 26 6145
24 9 1017
35 1 5311
5 6 1720
19 20 3443
26 24 4177
20 44 6117
23 18 9073
18 5 2657
47 6 8438
32 14 2564
26 15 3532
14 46 3330
20 6 9289
45 26 1858
17 16 9782
8 12 5308
35 47 4362
8 3 5503
13 17 5059
23 7 5490
43 23 3931
13 19 9360
6 10 3267
34 22 7677
22 29 2036
35 23 3148
28 49 5080
3 47 9947
32 18 1066
25 45 5592
14 20 3850
12 34 7113
43 3 2846
12 31 8180
41 12 6102
31 39 6880
34 18 1847
29 50 7746
44 3 122
27 24 3425
33 8 4175
46 20 7739
24 1 6482
24 16 497
6 49 9661
29 47 5777
35 23 3391
22 12 5348
30 40 6871
50 4 2451
22 34 9036
50 41 4970
33 28 3077
24 21 8354
20 39 112
12 7 3178
26 11 5366
28 24 2423
20 29 1138
12 27 5826
46 12 4467
44 29 7217
29 36 8127
20 40 1514
12 41 5429
18 37 224
13 4 4509
38 17 5372
4 46 4311
26 50 7252
17 3 460
19 4 8165
50 28 7611
37 32 6547
50 41 9889
23 18 2506
9 27 2077
6 14 334
37 27 7203
39 12 5305
10 35 1897
39 37 529
1 27 4801
28 30 117
17 2 9565
3 31 1677
36 39 6025
42 41 3584
37 5 1262
46 1 3830
2 29 6354
12 26 1082
15 12 8142
4 40 623
16 27 7230
45 22 4724
23 36 9622
42 33 4153
24 22 720
31 4 1536
28 19 3877
18 37 5819
41 37 7256
14 6 7330
26 40 2720
30 32 5593
6 18 7866
10 13 3050
41 5 2078
6 44 6538
27 11 319
23 18 3435
25 34 6462
44 10 6258
5 12 3051
16 17 4874
3 16 3149
40 7 388
37 15 4494
48 16 1899
34 23 5507
36 39 4573
40 36 1613
13 4 8908
31 15 3068
22 8 2299
36 44 3063
19 42 8969
39 48 9608
20 35 687
14 29 8028
23 6 4942
24 45 3709
13 27 4350
9 44 4995
10 22 1908
8 2 8006
22 29 4247
23 43 8322
41 37 7535
19 1 5254
49 42 4585
48 6 7299
22 37 7556
11 9 733
32 9 3239
40 6 6757
1 6 8737
24 33 7723
47 13 7292
32 14 1172
16 38 4235
11 24 695
13 31 2108
24 28 6200
30 12 3655
32 22 4286
31 41 640
35 44 3438
46 18 8328
33 14 1196
45 19 2705
33 16 2072
16 46 7068
30 44 2156
18 49 2991
37 26 84
9 3 1398
20 13 4943
28 40 8713
11 44 3951
33 37 9177
44 36 9438
13 25 2332
19 6 9944
47 32 8571
44 30 1679
13 5 3944
16 12 3028
48 38 644
3 16 3816
50 17 3318
32 25 8517
27 45 4073
39 48 694
17 28 7498
13 8 8281
45 22 4604
2 43 5229
41 6 1737
1 49 2835
33 22 9280
12 27 717
25 44 9402
44 35 9579
18 21 1374
5 18 6809
49 37 7821
4 14 4326
2 30 7738
44 14 8247
34 31 4189
31 9 6293
13 50 3347
30 8 4453
36 15 5910
34 17 8255
37 36 9485
23 14 2017
46 30 5125
14 25 6046
5 49 9184
18 39 23
2 34 5106
26 44 7769
19 47 9133
30 25 8056
2 31 7279
38 32 6822
28 8 8372
12 37 3343
6 43 5214
5 47 9166
43 49 2888
5 28 4259
21 11 8021
18 44 5837
17 40 1694
24 39 3371
33 24 2417
47 33 6048
18 25 5224
32 36 4661
32 10 2972
49 50 1757
43 3 2052
45 39 4596
32 20 3807
37 12 1312
31 43 6644
25 41 2876
1 8 5094
35 50 459
11 41 9965
31 4 6351
34 17 407
11 9 346
13 36 1983
19 16 6485
42 16 6738
18 42 2905
38 10 664
40 11 2541
8 11 118
23 10 9911
47 36 4615
50 40 5222
35 50 1783
15 12 7623
2 28 3053
1 46 3136
6 2 4848
32 50 3197
10 11 3477
28 4 8710
39 31 328
20 11 6482
45 2 5740
13 37 5315
19 35 7745
27 44 3289
34 40 5912
2 30 6900
48 37 5795
29 4 4914
22 16 8649
42 36 5950
25 41 8927
9 20 214
48 31 1908
45 28 7595
1 15 5258
32 18 9662
36 43 2165
22 25 3487
23 10 3370
36 12 7315
42 5 645
41 14 4671
45 48 5026
35 13 4133
43 13 377
40 33 543
46 5 1492
19 11 7223
45 14 5741
18 8 6255
25 44 6208
9 37 483
16 1 9681
2 49 3542
1 34 9916
1 24 8342
43 41 8461
39 35 1484
48 14 7601
9 24 8946
41 42 327
38 11 1748
21 36 5875
38 13 7781
6 39 3833
31 34 3781
5 20 3746
3 6 5489
40 23 2355
36 48 7660
22 17 2895
16 35 258
43 6 6206
44 2 2733
20 16 1198
19 48 894
25 4 230
22 10 7806
27 38 5389
3 50 3544
49 4 4838
44 30 314
42 2 3200
31 3 544
23 30 1415
12 3 8272
38 31 68
28 14 6381
33 19 1021
27 21 8616
13 31 8494
5 46 894
35 30 5470
32 48 4813
38 4 1845
50 33 6514
5 13 4303
3 36 1178
9 11 4107
11 33 5143
8 14 2979
45 42 54
44 39 2236
22 3 9803
40 44 9670
36 11 1977
5 36 9082
49 32 4299
17 50 7279
19 23 5149
7 2 6158
16 17 9932
44 27 5943
20 6 3877
6 43 6056
48 4 5227
12 38 2444
44 28 8847
4 27 620
17 6 5094
26 31 1748
27 38 394
15 9 4013
26 47 472
40 17 50
41 18 6839
2 43 3143
45 16 7830
25 41 1769
22 35 9679
20 4 2893
27 36 4123
7 4 2643
38 5 472
38 4 2278
20 32 2020
6 14 8241
29 17 2888
4 16 8520
20 33 2524
20 14 2448
4 30 8614
39 10 3825
2 34 8997
28 43 2847
47 42 2292
35 46 6250
19 43 7484
35 48 1730
33 28 4782
23 5 7178
20 12 5097
37 2 469
30 13 3599
14 23 6012
12 16 6650
13 45 9298
30 8 7417
26 21 5039
37 22 1902
21 4 1377
26 2 1409
20 24 528
19 14 5137
11 15 7762
16 10 6685
3 47 9706
5 46 60
40 11 9547
42 43 2270
47 3 472
2 14 3240
10 35 1217
10 25 2091
14 43 8608
30 19 4551
12 9 1577
21 30 1940
16 45 2976
47 27 7730
16 40 4939
18 1 1090
10 26 6421
44 40 6032
28 34 4043
25 9 256
48 41 1184
44 7 124
28 23 3175
45 4 9579
48 4 2679
21 47 1124
3 50 383
27 32 1273
27 29 731
26 41 1041
32 21 23
19 24 7851
36 41 3102
23 17 1099
34 40 8366
1 29 9939
47 3 6195
48 36 1353
41 26 4124
14 20 5221
22 38 1795
21 38 6298
43 16 7084
42 8 7438
40 24 5362
3 8 3129
2 33 9556
19 39 3261
4 50 9537
36 34 1611
13 24 1378
21 4 6285
11 50 4644
49 17 9353
49 33 345
12 50 2756
43 27 9820
4 28 828
22 10 9191
34 44 4479
29 21 8322
2 23 7185
35 40 2893
45 7 3309
6 36 5526
50 43 3088
42 30 6535
5 6 7154
42 11 2501
30 46 9810
37 3 1584
27 29 4155
42 46 1563
39 12 9103
20 48 8978
1 5 5311
15 37 6615
10 6 474
6 15 8504
49 19 9750
45 24 8254
46 48 6258
49 50 6485
6 2 9669
49 1 8062
27 1 5718
29 42 6760
45 42 3731
30 24 9398
33 2 4987
38 48 6329
41 14 394
27 24 3711
4 33 2774
17 19 1880
47 15 2523
42 16 3278
36 20 3001
44 22 1516
20 30 742
34 37 9958
1 22 8203
21 15 3926
9 47 433
12 4 7715
32 35 4049
28 13 6109
31 34 1019
40 4 9415
43 8 4631
33 42 1655
26 2 7318
5 42 2502
8 39 3154
23 43 3767
30 16 9250
12 36 6385
20 30 9378
35 19 309
48 38 4153
42 25 3762
15 19 6618
33 44 7281
42 12 1470
29 1 2029
29 28 6688
43 50 8791
31 26 8419
40 11 3314
35 7 8195
20 4 7168
20 11 1167
23 47 1011
36 16 8799
49 22 8349
4 50 540
11 5 1785
27 34 145
49 16 2323
29 24 3330
12 38 9397
14 6 1179
32 11 6725
18 19 4917
4 42 856
44 11 2918
29 28 2565
23 22 5247
8 47 786
49 11 4778
20 22 2041
18 47 4333
40 26 508
42 24 4175
34 37 31
37 16 5129
42 30 7269
5 20 9056
45 49 3215
45 32 1101
8 16 9677
32 4 9652
35 42 9059
5 12 9634
13 22 580
32 3 7916
8 18 7800
48 45 3899
31 49 848
46 1 1227
9 3 466
20 49 453
6 28 9329
26 19 4985
40 27 3138
43 27 107
12 40 4837
1 49 6822
50 18 5559
22 41 5338
42 50 6428
30 37 3055
13 17 6006
4 14 8280
29 31 7018
4 15 7505
41 27 5434
40 46 342
35 22 8127
16 18 6079
7 10 1114
13 43 7391
15 26 694
11 14 7509
3 40 190
41 33 951
14 16 3248
47 44 9978
26 12 1488
39 36 8341
2 21 8527
38 45 5911
43 40 4499
9 19 6764
40 33 5107
34 33 9211
25 28 9845
20 21 9917
4 30 6469
14 6 4618
4 43 5237
8 12 1659
21 44 1477
13 19 904
13 2 1859
32 7 9347
31 33 6997
29 16 1225
12 4 3322
31 26 6266
7 33 4930
18 9 5109
15 38 7200
48 38 5155
43 27 7175
48 21 9437
9 50 8696
39 32 3959
39 25 2464
9 3 1185
39 14 5676
6 45 5507
13 4 304
23 33 3117
43 31 1821
24 2 3439
39 1 8722
21 24 7833
38 23 2077
11 20 5400
8 21 6154
27 1 3194
13 35 8421
27 37 7554
29 3 9315
27 6 3457
31 27 7794
20 29 4655
41 47 8201
34 4 1533
29 4 326
22 40 683
16 12 5805
40 21 8070
40 30 69
25 12 1723
25 37 5998
50 18 3756
23 8 9364
49 43 5168
23 35 3573
26 36 3307
49 43 9478
48 1 9882
10 6 6385
44 32 6851
25 17 4359
26 41 476
33 44 8951
49 41 5722
23 43 9268
28 37 866
7 11 9110
21 32 7054
47 10 3744
20 21 1604
33 22 9902
13 32 5709
45 35 5367
43 24 9624
19 26 2255
35 11 148
36 28 657
34 25 1609
8 49 9680
50 2 8921
47 8 2533
19 22 2202
17 19 9221
19 29 7848
33 35 4146
10 35 7450
49 21 1711
31 8 6813
4 44 5550
39 47 2134
19 30 5523
29 44 87
12 38 5452
13 1 8959
36 35 9082
11 42 56
35 2 1200
48 6 4593
36 48 5707
9 15 8573
28 21 9331
41 43 2928
12 3 3994
18 47 3024
32 15 644
19 25 6912
14 18 3823
12 38 6415
11 39 436
46 21 5132
21 11 9510
1 4 92
39 5 5967
2 8 2227
22 9 1529
20 11 9202
7 37 1547
37 35 2834
8 15 1439
18 12 3179
30 6 7138
7 24 4117
18 10 6355
23 18 8579
17 48 63
23 36 3083
6 43 9125
28 4 5210
5 8 9587
9 27 5004
20 24 3577
25 5 4492
41 11 2777
31 22 9642
50 4 2624
13 22 6754
28 47 562
2 32 3132
49 33 9178
11 42 1835
37 47 8876
24 17 8898
10 43 6536
16 50 4884
44 23 5302
10 33 7227
35 25 2030
44 10 3649
49 8 7046
3 31 3347
1 4 5526
38 6 5395
32 30 6634
28 46 5742
10 1 4025
29 19 3496
38 4 4768
44 12 5078
2 46 1709
35 18 2354
18 44 1765
9 13 6883
3 41 1646
25 39 6983
31 29 6222
45 15 2207
17 32 5726
6 11 9578
39 19 3129
31 46 5366
43 9 5018
23 37 1102
34 32 6225
50 45 3647
16 21 1154
3 17 4214
38 21 6037
34 5 2077
31 19 1352
25 10 4797
32 18 2390
31 18 8580
21 31 2964
50 39 8121
41 21 1331
7 20 2012
46 8 267
23 34 9485
46 39 6207
15 43 9081
3 12 6587
22 40 5968
13 40 9647
35 29 8853
2 35 4349
31 11 4101
27 40 406
8 39 2044
30 29 2577
43 29 7707
5 17 7843
45 49 744
8 43 4623
16 5 9056
7 17 3455
15 11 7513
39 50 9603
35 5 7372
20 43 2259
44 15 9886
32 8 5844
16 15 180
5 36 4289
19 9 9662
30 6 742
50 34 7844
27 46 4919
40 36 8808
14 17 3654
29 41 3842
32 25 9362
8 17 623
15 29 8624
35 4 4763
40 9 9251
31 49 8880
7 2 8040
31 45 7838
42 37 9864
20 21 4759
7 15 8130
43 25 1093
44 14 8829
