120 200
24 99 8527
29 50 284
91 102 8396
69 75 188
76 91 4087
26 101 2768
18 82 4829
37 77 312
7 110 3952
8 54 8335
26 46 7747
78 79 312
44 70 55
27 36 5914
65 96 8505
79 93 1274
43 77 2103
6 57 1836
65 98 4422
37 108 7097
37 60 5189
36 76 4144
101 119 1407
113 116 6172
13 54 4835
28 60 3689
33 52 7572
57 99 9319
67 101 4096
33 68 4714
3 26 9984
48 70 6663
47 63 8260
81 96 7758
13 69 3307
48 71 3991
17 116 2517
13 66 5263
2 54 2826
31 78 5903
41 105 791
13 59 7537
106 110 2748
56 60 3970
46 114 3062
8 72 6774
92 104 7645
35 50 1694
14 92 6908
8 12 9290
58 74 9172
46 116 1086
6 68 6816
49 52 2422
22 120 7175
15 65 6217
39 42 5203
10 86 4111
35 53 8211
62 74 4818
32 53 6931
43 73 4998
7 24 5079
49 86 2568
8 47 7674
19 84 5351
13 114 5001
62 89 966
33 106 2381
14 43 8973
31 72 5244
74 95 34
6 64 2240
45 65 7466
16 120 3298
55 58 5856
30 109 1550
13 44 7025
52 108 902
18 25 6158
27 98 2036
11 103 2367
18 20 3712
5 8 7335
46 106 5989
68 75 6395
44 104 8388
67 86 2018
38 54 2389
49 68 1484
41 84 1745
18 85 5586
60 114 2928
65 107 945
24 70 8579
38 73 7686
67 119 2258
36 94 5512
3 102 2627
77 92 6265
64 104 9039
95 112 4298
40 104 7269
76 117 8577
78 119 2458
1 67 6475
47 106 7223
40 93 7025
69 86 4016
17 32 4045
58 60 2134
81 91 1977
41 98 5852
65 106 1932
21 63 9002
15 73 3875
30 45 9875
62 82 9345
43 88 7575
70 81 6790
6 117 4504
80 87 7041
14 80 7804
36 78 1093
64 75 2391
39 79 669
43 108 2758
29 47 6671
37 50 2187
64 70 6449
54 105 8956
5 29 4191
57 116 7002
90 117 1864
90 97 8770
3 9 6555
58 86 5830
74 94 8676
33 104 5961
5 40 8759
39 118 3644
69 87 4360
61 82 8811
6 41 4544
24 48 343
68 109 1393
85 97 4082
90 107 1283
48 56 4796
34 110 9238
5 104 880
8 53 2903
88 93 1133
53 72 5630
1 75 4101
9 119 3357
30 77 5848
17 75 3576
41 95 1358
8 111 1188
35 91 6791
31 67 3378
71 110 4834
26 94 8201
18 91 8864
23 56 1445
31 52 7702
16 28 2609
110 116 9284
12 75 5189
38 97 9033
32 118 9344
80 119 1698
35 97 7044
55 96 3094
67 77 8403
80 83 6643
23 96 4381
98 110 2679
73 88 5895
1 70 686
54 77 1051
5 74 9134
58 67 4194
16 62 1012
21 25 1250
13 81 7500
68 101 3543
72 97 834
1 66 547
7 101 3884
88 94 8661
15 57 7940
13 76 6203
58 90 1335
41 120 9831
38 86 1902
90 100 4290
46 55 6703
73 92 3459
