60 6000
18 60 8527
28 55 284
3 58 8396
21 33 188
29 54 4087
20 55 2768
5 40 4829
9 57 312
36 40 3952
39 54 8335
45 50 7747
25 32 312
16 56 55
27 37 5914
11 33 8505
2 56 1274
38 48 2103
38 45 1836
9 56 4422
16 44 7097
18 48 5189
12 22 4144
50 59 1407
22 23 6172
14 38 4835
47 57 3689
50 60 7572
12 60 9319
23 49 4096
1 13 4714
11 26 9984
31 58 6663
29 46 8260
7 49 7758
1 7 3307
13 21 3991
25 42 2517
33 56 5263
32 57 2826
35 41 5903
24 44 791
15 57 7537
22 50 2748
33 36 3970
12 17 3062
35 51 6774
34 49 7645
45 57 1694
35 47 6908
34 52 9290
1 44 9172
21 28 1086
13 28 6816
25 38 2422
14 56 7175
36 51 6217
38 55 5203
31 38 4111
16 17 8211
9 58 4818
28 51 6931
15 29 4998
20 32 5079
28 29 2568
23 59 7674
13 55 5351
5 50 5001
45 47 966
3 13 2381
6 52 8973
11 52 5244
19 32 34
6 46 2240
26 46 7466
13 19 3298
43 49 5856
34 45 1550
1 45 7025
7 30 902
18 39 6158
35 40 2036
9 22 2367
13 26 3712
12 58 7335
46 58 5989
31 40 6395
18 57 8388
5 55 2018
7 57 2389
3 54 1484
30 48 1745
19 37 5586
6 51 2928
12 29 945
26 47 8579
37 50 7686
4 5 2258
20 54 5512
33 39 2627
30 35 6265
45 49 9039
10 34 4298
4 50 7269
32 36 8577
4 10 2458
21 57 6475
39 48 7223
12 45 7025
42 56 4016
26 37 4045
32 47 2134
1 41 1977
37 56 5852
11 14 1932
11 42 9002
41 59 3875
3 24 9875
9 55 9345
18 37 7575
19 50 6790
14 21 4504
11 43 7041
27 39 7804
9 21 1093
14 24 2391
6 45 669
14 17 2758
13 60 6671
33 46 2187
38 42 6449
13 41 8956
13 38 4191
9 20 7002
12 31 1864
46 51 8770
19 43 6555
6 34 5830
34 46 8676
3 59 5961
20 52 8759
15 18 3644
5 57 4360
21 24 8811
6 21 4544
2 33 343
1 14 1393
21 53 4082
26 53 1283
3 44 4796
5 8 9238
37 42 880
12 35 2903
22 30 1133
1 31 5630
23 24 4101
47 50 3357
18 41 5848
28 57 3576
16 36 1358
19 25 1188
6 42 6791
10 11 3378
13 45 4834
45 58 8201
39 58 8864
6 41 1445
1 19 7702
2 32 2609
35 60 9284
33 58 5189
32 54 9033
19 35 9344
13 44 1698
7 21 7044
33 53 3094
38 40 8403
39 41 6643
16 52 4381
37 48 2679
13 31 5895
58 60 686
1 23 1051
1 18 9134
54 58 4194
15 32 1012
18 20 1250
13 27 7500
49 55 3543
26 50 834
21 23 547
52 60 3884
28 41 8661
21 36 7940
25 52 6203
18 50 1335
59 60 9831
12 55 1902
8 9 4290
3 60 6703
3 33 3459
5 44 3364
10 25 1821
29 39 5110
28 53 1756
29 35 3057
15 34 6926
22 60 5223
6 17 1714
18 40 3969
9 54 7074
3 46 6602
4 54 9983
4 26 6634
10 44 9984
5 26 178
33 54 1338
40 46 3100
15 47 1518
42 52 8480
13 32 5366
25 39 5110
29 42 7150
16 22 2384
11 36 3522
25 30 7731
35 42 3979
2 15 7609
18 30 9768
8 20 7015
40 51 2942
11 56 6495
5 34 6048
28 50 3301
3 8 7997
31 35 7554
36 43 8125
47 60 7290
26 49 313
27 53 126
21 50 6253
25 44 5153
8 42 4798
41 52 7883
10 32 1578
1 46 4271
31 42 3781
3 12 3148
11 16 2013
29 36 3366
9 59 7666
1 15 2210
28 43 2760
24 31 8980
10 20 8104
36 47 2521
22 58 4890
4 8 6340
28 47 2771
2 26 888
36 39 2318
3 53 7641
29 33 2491
39 59 5875
6 10 9866
4 11 7944
16 42 2293
36 53 6731
24 48 7585
1 50 2045
34 37 9267
4 45 9738
48 52 8483
33 48 7715
17 34 2034
27 47 5561
39 43 2330
38 50 9918
46 52 4873
7 50 3116
9 44 1981
9 12 2466
4 18 4542
29 43 866
35 43 3279
9 53 7436
2 23 674
15 24 4648
23 52 9966
14 39 6486
24 29 9938
6 43 8630
21 38 935
10 43 7446
18 19 1639
3 4 3870
7 60 8015
20 43 4221
24 35 1365
2 6 3234
12 25 5033
4 57 8586
13 56 2861
39 46 1756
36 46 7413
12 43 1718
33 44 1341
1 43 7829
49 50 6429
37 47 9047
29 32 3773
13 46 5378
40 43 2760
37 58 4672
22 39 6146
36 59 6848
33 38 2552
48 56 3550
42 58 2348
3 57 2733
4 32 638
8 10 2186
10 24 4314
10 41 5297
16 38 1619
6 56 8171
7 44 8243
28 35 2046
43 53 8287
5 53 2675
48 60 1020
21 35 198
47 55 7909
3 29 7328
26 34 391
10 46 884
40 56 1202
9 15 7451
9 33 8896
30 58 7567
19 29 8291
35 46 5210
12 56 5681
3 10 9917
21 29 2878
41 57 2335
50 53 93
11 60 636
22 43 9830
12 24 9545
42 47 8694
4 34 3288
36 55 2410
21 27 3392
46 54 4953
3 21 42
16 18 6132
3 25 5179
13 16 3775
6 22 6661
16 45 2092
23 31 4076
14 54 684
19 60 985
14 20 8340
4 36 2304
18 21 3697
23 42 2049
16 31 2700
30 45 2210
26 56 1099
34 43 4663
9 10 4878
51 52 5575
27 30 8340
11 25 8190
17 28 1089
7 52 8033
26 31 7616
45 59 7397
12 16 9047
16 58 6798
31 60 3360
5 48 3048
8 12 3329
21 45 1352
44 55 3456
20 50 6704
16 35 7704
29 56 2981
27 57 3322
12 15 2048
46 59 3380
1 22 6198
31 52 3394
40 54 5961
22 56 5463
21 41 6698
11 37 9306
15 38 2725
22 45 6225
6 23 9050
31 46 1358
14 45 301
3 35 2300
29 50 6461
7 10 4184
18 32 7413
54 59 3151
18 36 5812
7 32 3563
46 55 3772
16 53 6685
36 41 9228
32 46 217
20 21 1295
2 48 6132
10 37 4321
22 32 6111
16 50 597
20 46 5328
30 44 4168
40 49 5589
12 57 1698
6 9 792
18 27 1506
21 22 1345
1 33 1254
49 54 9710
4 46 701
11 32 1827
40 52 5070
19 28 2930
19 59 2501
30 34 7769
1 25 1600
20 58 1358
8 32 7805
25 50 9259
35 52 2881
1 39 9513
7 8 1016
27 43 1933
53 56 3233
30 54 4981
11 13 5445
1 55 146
18 33 1995
14 52 2707
8 16 9708
33 35 2821
16 33 7255
24 57 5004
7 58 1557
1 54 3968
3 19 7177
27 49 7656
39 47 6079
30 43 4807
25 37 4466
27 58 7449
9 51 5803
1 59 556
22 33 3789
36 38 4367
1 20 2849
46 57 2043
23 41 1441
25 41 5395
23 35 3159
23 26 2157
4 44 2435
2 38 5310
47 59 1535
39 53 343
19 21 5187
42 45 2114
46 56 7671
7 40 8715
20 48 2732
22 25 3022
43 57 9609
16 51 7107
15 41 1367
23 48 8492
33 49 4971
5 25 4395
5 23 9207
6 12 4308
11 34 9615
16 21 3206
35 39 8955
17 38 6344
7 56 498
40 58 7333
1 30 3809
50 57 8919
28 58 8462
2 39 9509
7 27 784
19 54 1373
48 49 5226
17 49 2768
17 32 9675
33 60 2688
7 19 3335
5 11 4490
40 45 9267
18 29 7554
10 48 1747
6 20 6179
16 34 9172
16 26 660
4 41 8664
23 37 6105
33 50 5700
30 37 9023
7 13 3388
4 30 1957
14 36 3193
35 58 235
53 58 960
6 33 5115
3 37 5091
25 56 1066
45 48 7971
53 57 3149
38 49 8140
22 48 1979
8 29 254
11 53 3575
24 46 8668
51 58 938
3 42 327
12 20 1378
56 58 6281
19 49 8477
57 60 7073
43 52 5827
19 24 4257
42 43 7782
6 57 2665
44 54 4267
24 51 1665
29 47 8358
15 19 664
10 28 567
13 33 6640
20 47 54
13 37 470
5 56 6431
32 51 7090
8 53 5150
32 44 7043
29 51 7193
43 44 8999
48 50 976
29 60 3949
10 51 8149
52 56 3404
2 46 2555
20 29 431
17 51 3409
7 14 4359
1 6 3819
27 32 2862
47 53 5108
6 16 6477
22 28 8662
38 51 7021
17 41 1749
40 57 1485
14 44 9502
17 37 7960
18 35 6003
1 38 3108
37 39 2468
23 53 3019
15 46 396
16 60 4185
17 23 8657
17 45 7962
16 54 4601
3 30 2464
26 55 4701
8 50 3943
5 60 5246
41 42 3818
8 19 9050
39 50 4386
21 31 6093
11 46 4305
2 58 4343
12 44 7138
1 35 9650
20 24 5199
7 11 4432
13 22 6383
13 23 3622
10 54 4710
14 32 6234
3 20 1066
18 59 5406
8 57 6966
3 31 6426
21 32 5393
14 59 5883
21 43 6620
5 12 8493
13 30 2286
28 59 9114
7 35 7488
4 12 5519
2 28 1223
56 59 3475
14 51 37
9 50 1367
34 44 6894
9 23 8700
19 22 1834
16 20 6343
6 48 7776
2 36 4357
19 51 1309
20 33 9119
42 60 4279
11 47 7627
1 24 1077
12 50 9736
15 28 9130
39 42 9128
24 27 3509
16 46 5483
15 26 714
36 57 8031
19 53 9262
2 35 2489
11 30 804
4 52 8626
29 44 7867
22 42 19
22 34 8644
3 22 3854
54 57 4853
50 56 9410
29 31 303
12 36 8140
4 35 5214
5 41 4637
27 45 3670
6 39 592
22 46 24
5 7 3064
21 34 1767
22 54 3932
1 16 1886
5 59 7810
7 22 8302
4 33 7356
7 37 7640
17 30 5844
10 33 1886
22 47 9593
51 60 4554
17 36 2167
15 54 6619
16 40 8
3 48 2691
11 24 9708
36 44 8113
41 48 2570
9 36 1663
4 16 9780
15 51 1420
26 57 907
2 42 2663
3 50 3784
31 39 6720
47 52 7301
54 56 5950
34 42 3151
20 27 6736
43 55 3117
24 30 2372
26 41 8573
5 35 8697
17 40 4963
7 25 2661
17 22 4961
7 17 5878
41 54 324
4 14 7545
53 59 8020
44 59 4588
3 49 1066
14 34 7604
39 57 2271
17 57 7517
11 57 4264
24 34 8581
13 17 9251
23 50 1464
37 40 4129
10 35 1977
8 26 4129
14 50 6949
28 60 176
22 41 919
37 55 5714
17 35 8827
1 28 8814
45 52 3811
18 54 3629
51 59 7707
37 60 6545
12 38 8622
38 60 310
27 35 3444
23 34 5674
6 13 9410
6 50 8731
18 22 688
12 19 4853
18 34 9208
26 42 9608
4 6 788
25 36 2139
5 47 7108
17 43 9858
14 47 6834
25 35 9489
19 36 1878
13 29 366
12 41 3080
9 52 3335
24 53 857
14 55 3033
43 58 2864
30 32 9644
51 54 8773
8 52 351
4 60 6447
22 40 9687
5 28 591
24 42 7479
33 40 745
17 25 5838
36 45 1061
25 54 403
24 32 4505
34 40 8977
33 42 5989
13 39 6434
23 57 5564
31 33 9661
51 53 6981
2 54 8639
1 51 3189
12 28 7163
8 43 58
34 56 8146
13 15 6072
38 52 5841
4 29 3284
9 38 6988
7 39 3266
4 15 446
30 55 9502
35 37 5614
11 40 8268
41 60 6448
14 37 4529
12 26 7536
20 25 4094
14 35 3935
1 3 9551
19 23 9724
32 59 232
36 48 4033
34 53 5594
28 42 9059
2 37 5064
32 40 327
35 56 5405
7 47 3460
2 20 3561
45 56 4765
15 40 2048
9 30 5691
8 41 8113
13 49 7499
14 28 3670
18 51 2893
6 15 352
36 56 9240
13 24 4976
45 46 5598
23 27 7013
28 56 2724
17 24 2729
18 47 9070
36 52 2491
40 47 6875
47 54 4570
21 47 5190
11 58 4358
4 53 6872
5 32 9718
34 60 9005
11 48 2025
27 41 2253
2 18 2813
26 58 103
14 16 6385
5 15 5405
5 29 4283
9 39 8818
5 18 4745
15 59 8260
11 19 7064
15 20 1561
5 58 9958
7 36 9196
25 57 2168
6 19 84
20 49 9482
26 36 8152
23 58 9354
22 49 2900
30 33 2931
34 39 7658
17 56 4506
48 54 5289
13 48 2939
37 46 831
30 31 8897
45 53 4846
2 9 4520
20 41 5279
45 54 8194
9 32 2042
9 16 3275
6 38 7376
37 52 5854
13 36 975
2 21 8883
7 46 2435
1 2 3935
27 38 1740
5 27 3866
29 57 788
2 7 9374
1 52 4060
41 51 7812
30 51 1915
23 39 5535
1 4 9319
37 45 277
35 55 191
22 37 6897
47 49 8142
8 47 2170
7 54 9744
23 54 1345
15 50 4241
15 52 6173
18 42 6298
31 43 6662
11 35 7195
4 55 5475
16 43 631
9 28 5701
11 41 242
1 29 3680
7 24 7756
23 45 2540
32 48 8266
22 59 2127
36 60 8792
35 53 2680
42 46 4001
16 48 9292
6 8 8747
13 14 9938
38 43 1219
7 29 8845
3 11 4475
19 58 764
18 44 8277
37 38 850
32 50 6590
32 55 7238
40 50 9723
11 28 1643
27 55 9237
21 59 5517
17 29 5044
15 44 2368
24 45 5949
29 49 6169
17 53 2075
20 38 665
11 21 9087
15 56 6572
4 43 8631
22 53 1014
5 17 7502
30 49 4312
33 41 3257
30 47 2693
57 59 5470
46 53 9064
52 57 994
46 49 1937
32 52 5545
5 9 3331
38 39 9149
16 27 9375
9 43 8234
25 55 9535
38 47 8255
14 41 5249
19 48 7733
7 41 2553
10 47 9660
3 45 5270
23 33 8938
10 42 768
11 17 4899
3 43 5318
41 44 6072
8 23 3801
12 42 1871
19 34 3752
8 51 8278
6 30 4298
48 55 5847
5 42 3278
15 22 3273
16 32 690
4 23 8700
16 23 2917
49 51 8147
7 28 4173
32 37 2799
18 23 4007
18 52 4816
8 55 3283
29 55 7579
16 39 9339
27 42 3705
26 59 1607
20 51 5237
10 14 3282
14 53 6547
50 51 778
19 44 9121
54 55 1658
24 56 5263
7 42 1064
21 30 158
29 58 6893
11 39 5498
26 54 4023
14 60 3655
2 19 6481
29 52 1597
19 40 445
40 48 8610
21 52 6551
49 53 5340
44 57 5882
43 46 3107
2 17 7678
21 26 9512
19 55 9320
9 17 2040
6 60 3647
26 27 7198
8 48 7136
25 33 924
3 23 2289
18 26 1624
14 15 1429
16 57 3287
44 49 7301
53 55 1722
14 26 2393
24 59 2890
28 33 8568
55 56 3780
12 39 9525
53 54 6325
2 45 9190
25 60 3284
50 52 7059
25 47 3651
1 21 9747
13 59 6051
22 29 6807
17 21 8330
17 46 4994
10 56 8662
41 49 2175
14 18 3070
9 35 1009
19 56 2476
2 50 8360
27 31 6029
10 13 4761
4 47 3556
21 25 314
5 36 6146
21 39 928
7 26 9735
24 36 1529
1 27 84
2 43 9881
15 53 8952
9 25 1493
33 59 3830
29 40 768
26 39 3673
12 48 745
6 14 6983
17 20 2385
16 37 6566
8 46 141
5 14 626
4 21 6992
8 30 5658
27 50 2181
31 47 29
32 45 2992
21 44 744
3 5 1010
11 59 3260
29 45 6094
31 36 8033
44 51 4303
33 37 157
47 56 4869
27 28 2834
26 51 7395
31 50 9355
5 39 6042
12 14 4933
14 30 8051
4 7 2461
37 51 607
6 55 3085
13 35 1327
22 26 9494
41 56 3250
4 51 8813
5 54 6146
26 29 4869
25 49 269
54 60 1632
22 36 5188
27 54 2501
5 45 6342
16 29 192
4 20 58
7 38 2348
20 22 1934
2 14 9313
25 53 1907
26 35 8574
11 27 8661
20 37 6325
55 60 8235
7 33 41
6 40 8498
19 20 3128
21 55 7641
18 38 5816
25 28 3101
4 25 3267
22 24 6291
10 38 866
45 51 9287
22 57 8123
9 14 8758
8 60 1050
5 22 157
31 34 81
17 19 8625
9 41 6335
18 45 4715
52 59 2849
11 55 7737
10 36 1884
6 27 614
28 37 7510
3 9 2004
3 47 2007
8 13 3439
58 59 4643
46 48 4609
5 10 916
21 42 4661
29 30 1113
17 44 1468
4 17 7232
4 40 401
6 36 6149
8 45 2861
13 25 8873
15 30 5657
30 59 4401
4 37 5160
23 51 4899
7 31 3808
10 50 7216
7 59 4268
31 44 7746
5 46 2643
27 40 3045
1 12 229
25 31 6885
17 48 7819
14 22 3739
39 51 5868
16 30 3926
15 36 9631
7 45 3547
33 51 9813
29 37 413
37 43 1665
22 31 620
13 53 5870
6 29 2413
9 11 2591
3 18 8700
37 44 3396
10 23 116
47 58 4482
5 51 7226
20 26 4015
24 52 6557
9 27 880
39 44 1614
13 20 2723
12 53 6703
8 35 139
12 40 525
3 39 7487
37 53 7981
43 51 2082
23 30 2424
46 60 7696
16 47 102
15 60 4221
26 38 6972
10 58 3421
41 50 7397
4 58 7907
18 53 3393
33 57 2282
15 33 2592
28 52 998
26 28 1357
10 40 7128
25 29 3274
40 59 5635
8 15 6688
32 58 1489
11 18 4083
11 22 7188
7 9 9767
12 51 143
11 20 4981
12 47 5088
50 58 1803
13 58 5123
10 59 8647
1 26 8936
18 43 3970
3 38 1664
35 49 3772
13 18 7930
25 34 1019
5 38 304
28 38 3187
17 58 3248
11 51 7764
19 38 1243
24 49 1287
40 42 8032
20 42 1286
11 44 2902
47 51 1646
14 33 8363
7 16 3509
6 11 7904
8 36 2859
18 58 5056
10 49 4147
14 58 2372
6 28 3678
2 8 4121
25 59 7404
5 30 6044
2 24 8337
5 49 3754
40 44 5480
8 54 2122
2 22 5643
14 23 4471
7 43 1550
32 53 8127
18 49 1823
12 32 3261
34 41 782
44 50 2022
28 48 8028
25 45 2309
38 46 1557
21 40 4872
20 30 7132
4 24 7287
6 49 5083
5 37 8775
32 33 5368
3 14 4307
53 60 2886
24 26 7941
21 54 3072
38 58 1272
21 37 4838
8 34 1821
34 59 1525
17 50 31
15 27 1848
8 14 7991
40 41 6577
23 43 9358
7 55 3381
26 48 8166
31 41 7291
14 31 167
1 48 9811
26 60 8427
30 42 1382
2 3 5833
20 23 1745
4 19 434
42 54 129
26 40 2428
34 51 6333
9 47 8994
17 47 5622
23 25 6568
9 31 6256
24 37 623
30 46 9629
34 54 9596
4 56 3374
7 23 9529
17 54 6040
23 60 2777
20 59 6136
15 21 3692
35 38 471
10 15 3286
43 45 2892
6 35 6944
44 46 1124
20 45 140
8 39 7714
20 57 5784
2 49 6806
4 42 1994
13 42 5519
43 50 1125
27 59 5312
24 43 1487
5 43 8627
28 30 1203
33 34 7537
15 35 3781
2 29 4765
13 43 5305
2 41 5523
8 22 9314
14 19 9892
49 57 8315
44 53 9454
5 6 2007
50 54 3550
31 56 3034
18 56 1973
11 15 8292
24 39 4571
8 18 2064
32 42 5909
7 51 5872
5 13 5016
10 12 3014
33 55 9163
15 45 2419
36 50 6446
39 40 1120
2 44 9949
28 45 5070
3 55 4594
23 32 9469
28 49 6702
9 37 4143
2 34 9766
6 59 9146
39 49 2989
34 50 5695
13 50 7605
18 31 1263
3 6 5828
19 42 4726
2 53 4696
10 16 9806
29 41 7947
24 58 4004
42 55 69
51 55 4585
6 47 4693
19 52 8008
3 27 9213
12 13 6954
28 54 2383
7 53 7851
43 60 779
8 56 8858
30 36 4886
24 60 596
7 34 4554
38 59 5005
49 60 8240
1 32 4739
2 25 4430
23 28 5859
2 60 5648
19 31 7944
17 60 6040
30 38 8231
16 49 8373
8 59 5580
8 44 4756
17 55 2402
26 44 8073
11 50 3476
8 31 4060
3 40 6662
25 26 7364
19 47 6131
23 29 4277
6 37 7317
19 45 7176
15 43 3414
34 58 9358
20 31 5210
3 34 8053
9 19 3976
36 42 7431
1 36 2892
32 39 7173
20 35 3759
32 43 7238
3 51 817
25 51 4671
1 56 7819
34 57 8177
10 55 775
45 55 6934
16 55 4043
17 27 3017
35 36 506
9 48 3656
31 32 4458
34 38 4203
27 52 6803
48 51 7410
2 4 6460
30 40 8384
2 13 677
6 26 4649
1 42 9155
28 36 60
8 40 3520
24 38 6016
49 52 3007
44 45 2384
5 24 687
16 28 231
2 27 2615
27 34 4762
15 31 5004
37 41 8519
8 25 9075
26 45 7777
35 48 6618
22 27 3529
9 60 1348
48 57 2604
6 31 8312
27 46 4495
2 10 4888
8 58 955
13 40 7170
17 59 2424
3 16 2505
35 57 4154
33 52 8305
30 39 3678
22 38 8189
56 57 3827
8 38 648
30 52 3753
48 59 853
24 33 459
34 47 168
11 54 6955
1 60 8896
12 23 4817
14 27 6395
19 39 4308
19 57 1288
43 48 1717
6 54 842
8 24 574
39 55 2865
32 41 3069
12 34 8552
38 44 575
17 52 5983
9 24 7023
9 26 1719
15 48 348
23 56 3327
34 35 7116
10 21 3041
18 25 2947
22 55 3515
11 29 4289
1 9 7758
32 34 4798
55 57 6792
20 56 9094
22 51 5602
2 5 8853
1 40 9225
24 55 2129
11 45 2317
30 50 2746
2 55 3420
5 52 195
14 48 8956
24 41 4829
10 31 4522
13 34 1927
3 36 3061
5 16 7528
13 57 601
46 47 3624
42 57 6381
16 25 6257
28 46 460
6 24 969
13 51 7860
26 43 125
1 17 9039
33 47 3453
32 56 2085
17 26 6042
49 56 430
9 18 5583
23 40 696
14 25 7842
32 38 4013
20 28 6505
28 32 1569
8 28 6669
55 59 9279
2 12 1952
23 46 3105
52 58 7437
15 39 6993
24 47 8883
31 49 8611
46 50 9953
32 35 2606
1 53 1569
18 28 9006
14 42 3797
26 52 4763
14 40 4643
33 43 4551
15 49 175
38 57 2666
37 57 988
25 27 7214
23 38 8610
31 45 8714
50 55 5534
17 31 6350
37 49 1676
38 41 4275
29 59 6021
36 49 6272
10 45 7961
9 42 5212
12 21 3068
2 11 343
14 57 8608
55 58 1782
10 30 8278
4 59 4818
3 7 2083
21 46 8112
13 52 1652
18 55 287
42 53 2530
4 48 3908
30 41 5971
7 15 5173
25 46 1879
10 52 3591
20 60 9405
40 53 1127
26 32 8
42 48 9643
31 55 9382
16 59 4950
19 46 4202
10 18 2654
27 60 2542
4 27 7038
6 32 4507
19 27 5225
9 45 2739
41 58 7253
22 52 4997
3 52 9364
28 44 3870
7 12 721
30 60 9695
11 12 4511
9 40 9684
4 13 9969
30 57 6894
19 30 4425
19 33 6100
16 41 5922
45 60 6878
4 39 9339
20 39 4077
27 36 5065
22 35 2348
44 48 3404
2 31 9271
12 54 6717
28 40 8126
1 34 6509
43 54 999
11 23 3244
13 54 4454
25 43 1387
40 60 2814
52 54 8963
6 7 6197
29 34 7074
27 33 2025
21 51 5561
25 58 6868
5 31 5670
8 33 7616
12 52 1730
5 19 3035
31 54 5466
24 54 8361
19 41 2542
6 58 5692
35 44 2732
30 53 1300
6 44 3210
3 41 4150
2 52 5573
10 29 3983
23 36 3484
41 45 6005
27 56 4139
20 34 1361
33 45 6616
5 20 3902
41 55 7536
5 33 8769
15 23 4496
18 24 9462
27 29 7987
8 27 2766
42 51 558
16 19 4170
3 32 2764
51 57 8247
16 24 5658
37 59 5111
35 54 4802
39 52 2162
6 25 4936
41 43 881
11 38 9655
17 42 4583
52 53 1209
49 59 6989
12 18 7912
2 16 1012
25 48 2391
43 56 1434
39 56 7360
41 53 7400
2 47 2236
4 9 657
28 39 3812
10 57 8731
57 58 5274
15 37 6939
1 49 614
28 31 1378
31 53 9185
24 25 9546
17 33 4676
23 47 2430
8 21 9406
21 60 7324
44 47 3320
2 40 4924
9 49 7769
48 53 5949
4 38 3192
14 29 3444
6 53 1061
12 46 180
3 28 7845
29 38 7772
20 40 9329
43 47 1843
9 13 9534
39 60 2612
35 59 2859
17 18 505
24 40 1997
13 47 9657
24 50 6745
8 17 4338
2 30 5126
20 36 5733
51 56 5217
36 37 451
31 48 7245
27 44 59
3 26 6945
25 40 7569
15 55 1759
42 50 2062
4 28 6709
41 46 5849
35 50 8918
44 52 4729
38 56 3590
15 17 8151
44 56 9815
7 48 3157
2 51 4438
52 55 4882
11 31 3349
15 16 969
7 20 7271
36 58 460
2 59 9710
11 49 7091
31 51 2084
32 49 3364
31 37 1467
4 49 9698
26 30 7125
9 29 8694
29 48 9938
10 19 4798
27 48 2589
15 25 1272
8 37 8086
44 58 4124
36 54 5486
28 34 6620
17 39 9764
10 17 4461
1 11 1745
42 44 1411
14 43 3349
40 55 8413
31 59 576
48 58 5174
10 60 7264
30 56 3399
2 57 4094
27 51 9164
1 10 3095
9 46 6365
41 47 5627
3 15 6665
47 48 776
32 60 4594
56 60 6691
10 27 3483
31 57 2443
21 58 83
21 56 7102
5 21 2382
12 59 7112
35 45 5367
12 33 7152
10 26 4312
20 53 1873
20 44 7573
6 18 1672
42 59 1259
8 49 6226
15 58 6044
24 28 4019
34 36 5895
7 18 4022
14 49 346
3 17 8728
14 46 8551
34 48 2819
34 55 3096
18 46 1595
15 42 9746
1 8 8699
1 37 5306
23 55 3069
4 22 8970
9 34 2075
42 49 8881
49 58 7992
22 44 94
12 49 8605
26 33 3595
1 47 2949
1 5 890
10 22 1272
44 60 8176
4 31 8888
1 58 3635
8 11 7565
39 45 8021
38 54 7057
12 30 2878
38 53 3370
12 37 2379
1 57 43
10 53 9272
19 26 7497
12 27 9582
3 56 7198
21 49 4509
23 44 7376
21 48 3720
43 59 7663
29 53 2499
10 39 4320
37 54 606
55 24 9984
6 38 3176
53 48 1755
27 9 3901
32 1 4944
31 17 6698
7 25 5094
6 50 968
16 30 1318
55 21 5595
35 17 7323
39 6 3268
23 12 5809
5 3 6552
28 24 3613
10 35 3258
10 38 924
14 24 4374
29 45 5071
7 22 3521
2 31 3697
14 3 3513
51 11 1345
27 22 926
28 15 2811
27 37 3575
45 31 2126
9 27 7212
37 58 1713
56 42 8219
46 8 6619
18 29 3433
47 31 5518
30 48 1089
27 42 8363
15 24 1694
16 43 2126
41 43 9298
47 51 7478
13 29 6793
18 16 378
6 8 6651
49 39 3012
22 59 6445
11 53 9820
45 49 8684
53 56 9966
45 34 1415
49 23 6403
24 42 7149
9 24 3891
23 21 5673
45 51 9444
4 45 6591
40 2 8589
20 13 262
52 6 5424
9 12 6258
29 57 274
38 40 236
12 55 9049
4 22 618
26 27 1243
48 17 3124
33 19 7586
21 26 8943
34 39 5781
16 27 138
47 23 3290
5 23 6632
54 1 8585
55 33 2078
3 45 8935
58 25 8264
31 48 6732
9 22 4438
17 33 8515
14 59 2115
16 40 7174
8 9 463
5 17 9740
16 45 1496
36 41 8950
55 37 6039
51 44 3026
19 23 1590
42 22 3168
44 54 1606
51 16 8086
6 52 3609
5 35 5017
40 10 1801
16 4 4876
52 31 1310
16 22 5271
42 16 617
59 15 7600
17 41 8512
40 27 4755
19 40 6226
57 59 7595
38 11 3585
38 17 4640
20 13 884
32 31 6215
37 2 1191
41 39 7241
57 16 844
36 17 7362
14 37 5093
46 10 8600
8 60 7296
8 14 2916
4 35 4223
47 6 2379
4 14 8013
56 29 3649
16 51 4284
18 16 6948
46 42 3650
58 26 45
47 36 1834
33 6 4948
5 12 2216
59 23 8914
46 26 9811
2 17 679
25 56 601
47 48 2802
19 54 4578
43 7 9869
2 32 5117
35 34 1933
20 6 1204
7 32 3165
38 18 7203
22 18 3985
6 53 4128
55 25 2969
49 13 8502
11 49 5057
32 17 866
39 42 8612
4 16 9695
29 39 7545
53 18 4484
9 6 1831
1 39 2810
24 4 601
39 46 9284
60 35 7840
42 56 3643
57 5 2813
57 2 2589
3 34 4410
17 50 1213
23 33 6419
55 2 2096
28 18 8441
51 15 346
29 7 6095
7 56 4279
28 32 1033
27 19 9783
56 24 2533
44 35 5828
5 20 683
47 1 9607
58 42 5581
6 5 2422
14 5 106
52 12 396
34 10 8589
47 24 9295
49 39 2092
19 23 8571
23 25 1414
24 48 4005
52 17 1162
4 2 6852
40 60 6303
46 45 8475
6 32 5456
55 31 7694
12 6 2787
13 60 1502
54 12 8564
36 40 1059
22 21 891
38 35 1055
34 52 295
29 51 6432
22 4 5850
36 24 6530
48 35 274
12 28 8431
16 5 5453
8 38 964
6 50 7815
59 54 2360
26 34 4034
52 50 7682
6 22 1540
52 6 4580
37 40 4279
51 29 674
21 49 8674
19 33 2918
10 53 9303
22 55 1673
1 42 5022
13 9 4298
52 42 1924
51 36 7540
48 29 7753
23 12 2727
30 58 3743
2 54 4386
21 9 1721
36 9 8526
1 59 2534
58 18 3687
29 53 6960
18 40 6984
9 44 8783
23 6 4902
52 25 5390
52 15 9018
8 33 9735
2 14 3023
40 28 1847
36 48 3663
17 23 7128
56 59 1735
22 59 2932
12 54 2451
59 20 6942
10 47 2219
42 30 9786
48 50 6485
30 36 5052
21 27 1365
43 4 8964
10 19 1912
46 59 5957
24 40 5270
31 1 5347
33 29 7682
29 38 3189
22 20 9230
40 5 9773
41 45 7737
6 59 5433
3 44 6524
17 53 8025
13 53 3723
60 33 4162
52 27 2046
27 5 456
36 60 9472
19 11 1868
31 48 991
33 24 2149
27 29 5561
17 58 2860
49 34 5372
35 39 3217
6 51 2797
27 38 5061
22 37 6430
46 54 942
27 59 1898
48 42 6926
44 59 725
59 53 3085
35 25 3550
17 13 9896
3 51 3671
19 34 7153
34 7 6077
58 51 2130
3 39 5365
45 37 1633
51 35 40
22 48 3717
2 4 4155
10 60 3486
33 60 7358
33 42 7376
30 38 650
26 35 5557
36 28 980
34 36 2760
19 50 933
14 12 2003
26 5 8490
7 25 1063
6 19 3261
2 57 1154
5 49 6756
14 32 3898
60 41 4670
35 16 5735
13 10 5663
50 40 2740
39 38 6999
47 59 9218
30 15 1119
23 55 4377
46 52 9371
35 37 2087
54 19 3574
49 34 5506
3 28 607
15 31 5692
14 10 3148
50 24 8468
35 36 9967
54 44 8877
56 47 4070
8 24 8108
18 4 5156
8 50 7729
6 12 6522
9 14 2739
48 5 9027
60 15 4392
2 34 4854
1 31 4262
56 36 756
42 39 9654
54 5 9391
24 42 5482
8 25 3336
18 45 8300
34 28 1626
32 36 7237
30 23 3664
8 60 6101
11 18 2551
4 38 9870
22 52 9596
2 22 2440
37 34 4510
15 12 9957
47 36 7076
6 47 2652
57 8 459
17 44 9924
60 27 7593
11 47 3470
1 15 9448
7 6 3443
47 55 3802
5 57 9828
18 3 4269
38 3 6668
43 52 5095
48 26 4895
13 39 1048
24 50 5778
46 5 8358
36 48 6690
9 35 5934
33 39 6866
37 58 9367
54 3 1268
56 31 3566
16 21 1239
3 15 8536
29 6 8598
49 31 6681
45 60 831
32 21 313
43 39 4246
12 34 7330
11 7 4910
49 44 1630
7 40 6464
32 22 3093
23 32 7878
16 47 3799
42 52 295
52 58 3850
24 5 5315
10 22 6735
57 8 1222
32 9 5079
57 9 3175
13 16 6599
44 26 2390
54 29 6200
42 23 4682
15 37 465
21 32 4447
41 58 366
42 47 7775
59 40 4101
37 47 2702
24 17 2148
46 3 6317
20 56 4967
48 24 333
36 10 4609
36 14 1400
15 38 3853
21 28 5065
47 55 5615
35 59 4075
10 53 4606
32 57 5094
33 9 6569
2 7 7029
15 18 1844
17 54 4460
19 43 9534
55 60 4157
10 4 1238
15 60 4956
30 5 4335
60 40 5621
6 35 4858
44 26 9286
3 12 5525
45 55 368
25 48 4257
38 57 4374
20 39 2193
16 1 736
20 39 6959
36 26 8855
18 11 6456
48 4 1450
15 41 2935
48 43 3028
30 43 3564
47 54 9326
47 21 20
4 46 3128
40 2 613
22 24 1427
52 3 2542
8 9 8189
51 37 7607
37 15 4918
23 9 921
60 29 6126
51 21 8222
11 39 2695
27 31 3962
14 35 6162
15 16 9475
48 45 2411
45 31 9671
54 20 1468
7 45 1003
51 37 7059
42 6 3023
16 24 3171
42 19 3509
56 32 1097
57 16 812
34 8 9794
59 9 4974
29 28 1076
19 42 4289
6 27 4690
36 6 7878
19 48 4719
25 41 876
14 33 7537
20 46 9077
29 3 8537
50 30 5869
59 22 1558
56 10 1947
41 46 6234
1 56 3576
46 23 8640
17 39 2618
34 49 2681
60 32 3483
25 42 1554
50 45 6052
41 27 7038
37 36 5984
4 51 2113
24 56 6564
43 29 8473
21 12 1746
20 15 3496
53 23 8094
15 44 6352
34 12 8271
3 28 688
45 50 4805
20 15 9705
21 41 6385
20 17 1249
4 60 4559
31 59 4348
51 24 5293
41 26 4039
11 8 7706
53 21 7366
59 45 2423
54 12 7670
25 53 7229
11 48 1023
48 15 3227
13 19 2637
4 13 271
34 15 874
5 44 9724
19 9 5786
60 39 9848
33 58 7742
15 46 2346
1 42 5530
60 29 7801
52 60 3415
57 6 2731
47 38 525
46 43 7578
44 13 4889
24 57 9673
37 16 9184
23 33 8572
55 28 7087
9 57 1712
39 40 6034
3 19 9345
12 21 9442
40 58 8310
40 38 8585
40 19 6909
14 9 1999
46 47 7736
8 4 8906
59 16 3046
27 6 8075
2 5 2997
4 35 7066
47 17 8651
46 26 5811
14 5 8087
23 58 6081
18 26 9335
38 14 4533
13 41 8245
15 51 2883
26 48 5044
57 52 4370
21 56 4426
52 33 6270
21 41 6494
51 59 6385
43 29 5412
57 11 1633
24 3 2877
59 55 3730
38 33 1613
23 10 659
24 29 9601
46 53 4918
5 56 6747
21 32 8191
15 8 1164
6 56 2129
38 5 9926
12 23 8848
56 51 5153
33 47 8764
4 38 9981
32 21 3697
41 40 3086
58 25 3197
43 13 5688
44 40 912
14 50 3292
41 33 1765
38 36 1868
46 41 7607
38 51 7873
1 48 1436
55 19 9761
54 58 8811
34 30 2987
38 56 7599
45 40 2436
43 33 1584
33 30 5628
44 24 3396
51 8 2125
59 39 4275
17 49 9460
50 14 259
27 23 3726
35 56 2725
27 31 7618
28 45 4341
24 60 5568
34 43 7111
60 53 5641
11 29 4329
13 33 2287
26 4 2025
3 49 771
54 46 3994
1 14 6544
45 31 8562
50 48 3543
5 29 4322
49 25 2214
41 4 5584
60 49 842
60 30 5644
51 49 2809
37 56 4365
38 52 9848
33 39 8636
31 1 3745
15 48 9781
5 14 9792
42 49 8607
52 39 9478
22 32 8217
39 7 2305
8 46 1154
32 54 2569
57 15 4914
5 42 2008
18 6 9763
37 57 4015
53 14 1558
58 52 517
36 6 9769
54 19 225
51 54 3884
9 6 7777
27 35 6132
20 13 9621
36 28 7327
56 44 6464
10 16 1492
33 37 763
52 59 3620
52 18 1319
42 57 987
26 16 968
46 60 3067
17 26 7997
47 24 17
29 30 5267
2 43 663
54 51 7314
56 16 6539
54 46 7073
24 32 2654
18 4 7953
44 43 938
13 23 9074
59 55 5023
25 3 3957
53 8 2484
36 8 4553
21 41 2902
24 44 7309
18 41 9429
22 27 1501
13 15 160
19 13 224
45 27 8803
59 1 5520
55 5 9870
58 11 5936
22 44 2356
14 19 403
11 2 3740
34 6 7343
18 5 5487
39 36 3719
8 21 47
47 49 5411
57 10 2677
14 41 2642
34 27 4511
55 1 185
59 42 1166
44 32 5479
34 24 8906
14 38 4971
45 39 6131
52 39 5987
14 8 1923
27 24 2690
28 27 6158
37 5 6407
15 34 6847
8 23 2746
54 17 6995
53 43 3529
50 2 4366
28 25 2137
39 58 3533
38 36 2009
13 14 3400
6 43 126
7 19 2568
33 17 3110
59 58 3359
22 10 2090
25 13 4594
59 7 1726
3 24 4351
12 35 8193
39 11 6896
38 30 3366
33 30 8517
56 57 2766
27 47 3265
34 2 7966
18 27 4980
19 59 2824
24 28 8757
1 25 7282
56 1 2024
6 12 246
37 59 2939
1 39 3201
21 4 4088
4 15 9540
3 24 6573
4 9 4510
21 23 2461
38 14 2051
35 31 2044
38 27 9561
42 50 3957
2 38 1491
45 30 9898
17 8 9948
2 22 646
16 53 2625
30 35 4395
9 7 8805
55 28 4483
4 22 9504
52 21 2298
54 51 4647
58 20 3568
48 22 5000
39 31 2733
13 16 8367
42 22 4501
49 2 6334
56 40 5096
7 15 2808
7 46 5876
48 8 4874
33 8 7938
48 3 7422
1 16 8170
18 42 9602
47 60 2681
3 45 4500
46 27 9638
55 45 1943
38 4 1782
38 57 278
15 21 3197
60 43 4454
10 25 9761
27 28 4460
26 43 233
28 30 1148
10 5 7330
54 16 5491
9 1 2869
31 13 1703
21 50 9996
45 26 5548
13 8 7465
1 32 9199
57 38 8409
21 9 9826
1 32 5461
12 23 152
59 4 8005
34 38 2573
14 60 4959
12 58 4421
24 38 5835
1 16 8104
6 13 7629
3 22 1900
7 47 3649
49 9 8804
57 37 8001
1 48 8300
47 29 4027
16 53 2178
20 27 3882
26 32 3196
60 17 3482
36 48 6822
36 20 5554
32 21 5401
45 35 661
4 6 391
48 27 8829
40 34 142
28 48 7460
23 39 6550
22 52 4681
19 24 1490
40 53 9857
50 27 331
30 55 5787
42 16 2703
52 10 6895
26 29 6505
10 7 5826
12 35 4529
57 51 7932
24 50 4049
8 36 3015
6 15 7967
23 37 2886
51 28 3206
2 26 3978
49 47 4060
10 1 944
38 10 7573
6 24 7437
4 32 4252
48 42 1650
41 34 3315
13 2 6781
4 59 9159
29 31 7698
49 33 4835
25 53 9493
15 26 447
20 46 3824
18 10 3763
20 13 5819
50 57 365
5 25 9847
22 49 8907
45 48 9824
38 52 6468
1 37 2842
56 36 4837
2 5 6853
17 57 5137
32 37 4881
60 20 6304
20 55 4323
14 10 9781
51 31 1863
5 34 3205
28 40 2627
23 30 1407
56 49 7219
53 23 3436
35 53 9872
11 1 3679
60 40 9735
4 3 4291
8 43 3819
51 10 3756
30 24 8320
52 55 8085
9 58 9854
39 59 4923
27 35 699
23 39 3718
22 13 6534
56 13 6286
34 59 8967
9 47 4524
10 4 4611
32 16 1745
40 7 1190
12 48 7169
11 21 2050
19 54 4548
50 51 6829
56 38 9929
45 47 2917
9 29 9693
27 19 7927
16 38 3836
33 54 148
28 55 3372
35 5 5622
24 29 5077
22 49 8180
13 1 9472
23 25 4636
51 58 8169
30 7 3382
17 20 2733
60 18 2798
2 29 8843
34 51 4791
23 57 6584
44 43 5664
38 6 7971
43 60 319
30 23 8468
30 9 2135
55 24 4558
58 21 1660
18 2 1729
35 55 9004
3 6 6540
43 57 3600
26 4 1748
31 42 7801
10 18 4580
17 16 8408
21 35 7221
9 28 8610
38 42 8938
51 48 9054
35 6 7126
20 4 2974
46 44 3333
19 53 8224
13 32 5412
56 40 3860
59 8 8100
31 28 9968
2 49 7406
53 46 6087
34 37 4046
16 34 2841
59 53 7033
19 33 3473
15 50 4171
50 49 2709
43 9 7743
47 24 1550
28 12 278
15 32 48
57 16 7435
35 11 2560
17 20 4222
59 21 6970
10 37 2294
36 41 5213
4 54 5393
14 2 8720
21 26 7070
57 18 9257
29 15 4072
43 56 2808
39 45 8074
45 16 630
30 35 5392
17 24 5455
59 26 7200
30 57 2508
40 35 1677
18 36 9476
3 33 3874
39 58 7577
27 49 814
6 46 3553
23 44 3708
46 10 4967
3 6 4608
46 6 836
31 11 877
10 5 3592
40 60 4788
24 4 4480
52 26 2246
19 13 575
15 4 9107
43 54 5584
45 21 2302
49 55 2827
53 42 1823
25 50 93
49 9 5114
2 5 2230
56 54 7769
8 30 1159
48 35 776
3 9 5484
23 4 8897
8 18 9490
38 44 6691
50 23 1668
49 33 3508
55 53 737
18 32 2218
56 4 7009
49 26 1284
20 39 5951
4 42 3502
52 16 6647
42 38 5515
4 41 8817
1 54 3614
39 47 8207
34 24 1134
18 7 5229
17 54 2931
55 5 9896
16 9 9346
9 54 7225
42 23 9259
31 30 1443
51 15 7008
18 34 9619
51 35 408
1 9 4589
21 2 2888
54 22 3220
56 15 1828
4 44 6729
48 50 3336
34 13 1986
35 1 4811
44 4 229
60 56 826
21 11 73
18 7 1496
27 17 7144
23 30 6223
55 39 6554
18 54 859
9 48 382
6 10 3486
38 24 8687
48 1 8816
28 9 1460
16 15 1323
42 19 8755
24 6 1856
4 51 7602
60 41 4361
49 12 8276
31 14 1189
29 59 4315
27 45 382
48 12 2740
12 40 3886
25 2 8053
54 59 3977
28 45 3636
40 58 5399
1 55 8953
6 19 1989
30 19 1344
42 23 375
29 8 3161
1 11 4763
1 54 2728
45 24 3574
19 36 3044
24 35 7786
29 53 7092
45 38 4693
20 30 3274
34 43 5654
42 57 4052
24 32 1997
51 26 9392
51 20 7170
51 47 4602
44 3 3316
16 37 2819
13 44 6622
20 54 6488
10 35 1186
17 60 9107
22 8 7089
19 21 1213
60 10 2960
39 11 1555
29 31 3886
50 49 6456
10 31 3630
60 19 8585
38 60 4007
6 35 4538
17 57 2779
1 36 9376
29 56 7173
26 25 5014
31 16 4924
20 24 7029
48 33 3815
9 21 9602
43 32 2345
30 28 7458
44 4 5822
9 50 7575
50 51 7502
39 47 2011
15 12 6663
14 23 358
1 38 6341
59 15 492
18 28 9125
50 56 5355
57 51 2486
33 26 5998
4 7 870
33 17 1761
18 30 8825
33 55 1036
21 35 4498
51 26 9913
53 50 8033
38 40 1048
31 6 482
24 43 939
56 46 2697
3 16 2397
30 52 2422
23 12 9961
27 35 2411
1 57 1396
45 9 1445
26 30 4535
12 56 2369
48 30 4775
35 7 2397
40 24 2396
20 52 2066
16 9 320
44 39 3662
16 1 8388
4 34 3562
35 29 6804
53 13 1074
5 14 609
52 4 2194
36 11 7458
46 18 2425
8 13 583
16 57 9186
36 37 3129
56 18 9919
27 7 5248
54 4 7122
36 33 4491
55 47 3651
60 58 8900
9 27 3853
35 52 1790
19 31 3544
2 3 2045
17 34 2148
55 26 6566
9 18 574
21 20 1799
29 1 8870
53 42 2324
44 56 7935
54 28 4250
46 37 2850
20 43 9052
7 42 1113
31 14 2951
8 7 3193
55 28 6329
9 28 9215
48 8 2275
25 19 8004
15 20 4288
25 19 527
38 8 3638
46 2 7850
11 26 5847
50 26 7250
16 5 3938
57 30 2414
58 38 5444
2 21 8725
42 6 8069
4 1 3163
46 17 5109
30 42 6219
49 35 3149
15 35 7168
53 27 163
30 16 272
44 12 9277
51 21 7130
4 57 6885
2 10 1100
1 38 4723
26 14 6421
59 54 3285
8 50 108
55 44 9015
43 17 1232
7 37 949
5 34 8977
6 37 6579
58 23 1780
38 59 9711
33 26 5366
44 11 549
29 10 3844
24 2 7326
58 52 7331
45 3 4661
5 15 4290
35 21 8304
31 45 5219
6 40 806
58 32 4630
44 20 9989
20 39 9511
42 18 2725
53 22 6524
47 56 9247
16 15 4738
15 30 4210
14 36 5
1 43 2586
33 40 2355
59 44 2793
49 55 8120
2 29 7900
56 40 8232
59 3 1206
58 24 5586
48 28 2028
2 24 9058
8 7 3885
57 3 838
41 46 5070
36 44 6373
2 12 9832
6 55 3494
27 54 6380
3 46 9534
43 27 8213
35 8 1670
55 43 9222
30 7 1600
35 14 8005
22 53 8637
47 36 2611
59 35 1881
19 48 6709
4 42 370
29 49 7549
11 38 3209
54 10 5293
23 9 4183
35 52 9479
2 33 8185
1 56 1141
28 2 4163
14 44 1611
46 24 9853
55 52 1097
53 22 918
17 24 3276
41 11 3428
12 28 7704
51 4 7978
29 3 3656
34 1 8935
32 11 3567
7 12 6454
9 15 6973
37 40 7071
38 31 2241
9 10 2869
35 4 3008
56 11 7095
37 28 1308
40 18 4548
48 37 5741
23 18 153
13 21 5752
43 20 9923
17 44 3124
16 15 5014
40 44 9263
32 28 3609
24 49 6481
28 13 3627
46 58 5359
36 43 570
29 10 5790
51 3 1103
54 37 6768
23 59 3368
38 21 8952
29 47 6397
32 13 1395
23 16 7496
8 27 3859
32 49 9770
20 25 3432
22 34 5376
38 51 6705
9 1 5853
9 34 2510
36 46 868
58 11 5822
26 29 2848
41 34 2964
18 21 3606
23 33 2161
4 26 3570
7 41 4616
26 57 2465
33 8 8738
36 60 6037
1 45 1496
14 9 8013
22 44 8714
13 59 2655
10 9 3847
5 17 4916
13 18 7262
25 26 5492
35 26 3524
32 58 706
51 22 6155
46 54 5317
18 20 9515
10 5 4015
24 26 3680
13 48 6454
24 32 3432
26 7 188
15 29 3901
14 17 1474
2 18 7344
16 49 7295
32 36 813
50 39 6959
33 51 4751
10 41 7150
15 16 5077
4 37 1570
7 56 9604
60 28 881
30 47 8355
22 43 7789
52 7 9826
2 7 6618
47 18 2857
25 11 7950
41 47 7874
50 29 1756
60 43 588
4 38 4557
24 23 644
3 1 3614
11 28 4821
6 23 9685
23 29 8401
15 1 1985
35 23 4016
52 1 8546
13 57 2723
34 53 2836
39 26 7779
55 15 3067
25 39 6883
30 59 8566
17 14 2830
59 7 9390
16 20 1476
49 57 6847
8 52 8598
58 49 4959
9 19 5603
44 43 6702
32 35 3121
14 8 7215
5 34 1498
5 53 7873
46 50 7904
17 47 2350
32 39 7849
58 39 7223
15 46 4464
5 51 402
3 35 5739
35 26 8522
19 43 287
15 42 595
54 41 9018
27 12 8792
39 37 5202
30 40 3865
53 27 115
7 54 3143
3 39 6555
3 30 1163
36 54 9845
32 48 2220
4 51 838
11 8 1778
18 20 4547
40 47 3486
54 7 6706
2 24 5268
45 11 6634
1 41 4123
54 6 9251
12 56 858
60 37 3908
55 30 5946
60 19 6194
1 37 2449
46 24 587
42 55 6566
37 33 8132
33 52 82
1 59 2319
31 10 5113
22 4 8204
20 3 2258
53 45 1113
13 35 1673
12 51 8929
57 53 937
40 13 2061
49 40 228
31 53 5423
31 34 4244
59 16 561
6 43 5948
18 9 8014
37 49 5211
3 10 1456
14 60 7969
19 25 4805
37 48 2401
28 20 669
18 50 6099
34 24 5676
3 32 4397
47 23 6391
51 46 6226
6 58 5700
39 49 5339
17 53 2273
45 57 4604
31 4 4006
12 37 4834
43 46 8318
36 30 7621
27 52 8126
51 36 9333
45 49 8654
57 18 739
20 30 7078
19 59 7673
57 32 1596
42 43 7410
47 29 8865
58 40 9226
36 25 723
8 56 5633
60 18 4654
32 33 1533
51 16 4819
9 51 7568
58 2 920
34 45 3108
27 40 4039
5 13 2953
60 26 2479
9 22 884
43 18 596
7 6 8815
5 56 5257
9 40 9671
26 52 5184
52 47 4699
57 45 7173
4 22 6049
39 21 6984
51 23 3119
22 29 6085
8 58 3443
13 56 9968
2 56 6913
54 53 25
38 39 3393
14 45 6312
6 46 7528
34 18 3787
28 38 3957
43 8 1154
46 39 676
48 2 926
38 16 529
6 25 117
18 21 7408
26 48 309
37 54 4039
6 10 3393
26 20 5160
5 57 1205
53 10 1527
36 30 3617
1 30 8697
55 36 5593
2 30 9531
29 49 9985
26 27 9355
3 2 3209
60 14 6245
47 3 756
14 10 6336
35 29 7545
54 29 6004
41 49 5780
5 34 3546
11 46 1107
45 53 1818
57 51 1112
5 58 4943
49 10 7508
10 18 4925
13 26 4055
47 2 2844
48 34 6118
37 56 4688
36 26 9518
43 32 3515
40 17 4803
41 44 5392
46 19 3987
25 2 2789
36 49 820
35 20 862
58 32 3078
15 42 2375
21 33 6780
54 6 8720
31 29 3180
57 60 8981
35 34 3416
32 34 8503
26 48 5372
59 48 6287
37 9 9011
6 32 8768
49 13 2037
57 42 6806
51 32 3226
25 44 3209
57 35 2501
31 45 6606
40 19 5620
43 56 474
17 50 6394
17 23 8418
53 8 1855
57 7 7056
38 42 7414
4 6 665
12 14 8346
50 10 6456
29 5 3076
18 7 4266
42 18 9862
8 15 8897
42 8 9453
43 17 5059
53 7 5490
53 23 3931
3 49 9360
46 20 3267
4 32 7677
22 59 2036
5 53 3148
48 9 5080
33 37 9947
32 58 1066
35 45 5592
34 10 3850
42 4 7113
53 26 5112
11 60 1941
42 31 739
40 14 5268
47 9 2050
26 44 2653
42 17 1024
45 53 4458
35 26 420
59 34 5601
22 44 8066
37 26 8999
21 59 7597
17 15 4223
11 52 5362
8 40 40
11 40 8204
11 12 4384
56 50 8541
50 23 5278
17 44 9071
14 10 5189
52 2 7707
58 6 8261
46 58 474
43 50 329
58 22 677
46 36 2712
7 24 729
37 29 3386
47 30 9140
54 32 3841
9 18 837
44 53 54
29 28 8217
32 14 8146
51 6 8600
32 27 853
40 49 6704
45 60 4278
31 37 5232
27 20 4891
49 53 7668
46 29 3877
37 26 5414
34 7 2427
43 19 7312
25 10 8635
37 19 9787
49 21 827
1 58 4730
37 47 9702
45 43 1831
57 6 8539
5 42 1791
44 57 9905
42 46 4801
50 22 9252
29 34 7662
46 42 1765
12 22 3804
40 43 5616
47 30 2295
2 44 73
36 22 392
23 13 9774
42 20 431
44 36 878
49 57 6068
57 39 691
27 36 4314
6 10 7676
10 20 7380
52 53 3856
18 26 5110
23 50 8891
5 58 9606
4 58 5927
21 39 5273
38 55 3425
44 2 3044
10 18 1755
22 11 7466
7 54 3103
56 29 2040
27 48 3787
35 54 48
18 16 1899
14 53 5507
46 49 4573
30 46 1613
3 44 8908
21 45 3068
32 28 2299
6 44 3063
9 22 8969
9 28 9608
40 5 687
4 29 8028
23 26 4942
34 15 3709
23 17 4350
59 14 4995
60 32 1908
28 42 8006
2 19 4247
53 43 8322
51 27 7535
29 41 5254
9 32 4585
18 16 7299
32 37 7556
21 19 733
2 59 3239
10 26 6757
1 56 8737
44 13 7723
57 3 7292
22 24 1172
16 38 4235
1 4 695
43 21 2108
24 38 6200
30 22 3655
22 12 4286
11 21 640
35 34 3438
46 38 8328
23 54 1196
5 49 2705
13 16 2072
46 26 7068
20 44 2156
8 19 2991
27 6 84
49 13 1398
30 23 4943
8 20 8713
41 24 3951
23 37 9177
34 26 9438
23 25 2332
9 26 9944
17 32 8571
14 50 1679
13 45 3944
6 52 3028
58 28 644
23 36 3816
60 7 3318
42 5 8517
7 5 4073
39 18 694
17 48 7498
13 58 8281
55 22 4604
32 43 5229
11 36 1737
11 49 2835
53 32 9280
42 47 717
25 14 9402
14 45 9579
8 41 1374
45 38 6809
49 47 7821
4 54 4326
32 30 7738
14 24 8247
4 31 4189
11 29 6293
13 20 3347
30 18 4453
36 25 5910
24 37 8255
57 6 9485
33 54 2017
36 10 5125
34 35 6046
15 59 9184
28 49 23
42 24 5106
6 34 7769
59 47 9133
40 55 8056
12 21 7279
58 22 6822
28 38 8372
22 27 3343
26 43 5214
45 57 9166
3 39 2888
35 48 4259
11 51 8021
38 44 5837
37 10 1694
44 59 3371
43 44 2417
17 33 6048
58 55 5224
22 16 4661
32 60 2972
39 50 1757
13 23 2052
15 19 4596
2 60 3807
37 52 1312
51 13 6644
25 31 2876
1 8 5094
5 40 459
11 21 9965
11 4 6351
44 47 407
51 29 346
3 56 1983
29 36 6485
52 16 6738
18 2 2905
8 10 664
20 11 2541
58 1 118
3 50 9911
47 56 4615
60 40 5222
45 40 1783
55 42 7623
22 2 8178
53 31 9996
36 46 402
8 2 1450
37 40 8711
57 8 3154
30 19 7181
28 50 8861
42 35 852
60 53 6163
27 35 719
5 45 2227
4 9 2934
34 10 5912
52 10 6900
28 7 5795
39 34 4914
52 46 8649
42 26 5950
45 31 8927
39 10 214
28 1 1908
5 58 7595
11 45 5258
12 28 9662
26 16 5343
5 2 4025
27 13 5510
50 6 9862
15 12 8605
25 41 3114
31 5 4448
6 45 1763
53 13 2993
53 17 8840
3 23 7996
5 52 2369
31 23 3845
44 21 5368
48 35 3775
24 28 8859
37 43 666
1 41 7552
39 22 6001
54 16 3501
44 42 93
51 21 4039
55 44 1998
34 1 1209
24 6 4141
12 7 7438
51 8 1921
16 15 8588
23 41 1406
19 53 6931
54 41 255
30 46 7103
36 29 7340
13 15 3936
58 60 5972
27 15 3966
55 58 7793
36 6 1494
2 33 3920
6 58 4169
58 34 1125
34 30 3772
2 50 7806
17 8 5389
13 30 3544
59 4 4838
24 40 314
32 22 3200
31 13 544
53 30 1415
52 33 8272
28 51 68
28 14 6381
23 29 1021
27 1 8616
43 21 8494
45 6 894
5 20 5470
32 38 4813
28 24 1845
40 23 6514
55 33 4303
33 26 1178
49 51 4107
11 33 5143
58 34 2979
15 52 54
44 49 2236
42 33 9803
40 54 9670
16 51 1977
15 36 9082
49 2 4299
7 10 7279
29 13 5149
47 22 6158
16 17 9932
34 47 5943
60 46 3877
36 53 6056
8 34 5227
42 58 2444
44 38 8847
14 57 620
27 36 5094
6 21 1748
27 58 394
35 29 4013
6 57 472
40 27 50
31 28 6839
32 13 3143
35 26 7830
15 21 1769
52 45 9679
40 54 2893
37 26 4123
17 4 2643
28 45 472
48 4 2278
30 42 2020
46 14 8241
49 17 2888
14 36 8520
10 53 2524
10 24 2448
54 20 8614
19 30 3825
2 4 8997
18 13 2847
57 12 2292
15 56 6250
19 23 7484
5 28 1730
33 18 4782
53 15 7178
20 22 5097
57 12 469
10 23 3599
54 23 6012
22 46 6650
13 35 9298
20 18 7417
36 1 5039
37 32 1902
41 44 1377
36 22 1409
20 24 528
39 54 5137
51 25 7762
46 10 6685
13 7 9706
45 16 60
20 11 9547
32 23 2270
27 13 472
22 34 3240
30 45 1217
10 35 2091
54 3 8608
10 39 4551
32 59 1577
21 10 1940
26 35 2976
47 37 7730
36 50 4939
58 1 1090
50 26 6421
14 50 6032
8 4 4043
55 39 256
8 1 1184
24 57 124
38 53 3175
5 24 9579
48 34 2679
31 57 1124
53 50 383
27 32 1273
37 49 731
46 31 1041
32 1 23
9 24 7851
36 51 3102
13 7 1099
14 40 8366
41 19 9939
7 3 6195
8 36 1353
11 6 4124
14 30 5221
12 38 1795
11 28 6298
13 6 7084
42 18 7438
30 44 5362
23 13 1558
9 52 5183
56 29 4389
1 24 3750
57 46 3234
51 53 1324
18 51 5204
5 1 3650
24 29 4917
53 9 6633
5 42 8950
56 53 9477
20 24 5278
8 2 810
31 4 5294
19 9 5271
22 2 6323
25 20 2893
45 17 3309
26 36 5526
50 53 3088
42 60 6535
55 36 7154
22 31 2501
20 26 9810
17 3 1584
37 59 4155
32 36 1563
19 42 9103
40 38 8978
11 25 5311
5 37 6615
10 56 474
36 26 6415
4 59 4969
30 35 1474
14 26 3598
38 49 8850
25 16 952
9 59 8351
42 7 7701
38 59 7892
40 5 4195
42 11 7280
14 38 1533
12 47 638
48 49 4941
24 54 4477
14 31 8504
53 14 1217
59 20 7947
25 3 5492
6 38 7686
40 1 6744
42 16 6520
50 42 8384
57 58 501
22 3 5321
25 26 6309
47 33 8762
14 15 8532
45 29 8078
33 9 1281
4 59 5040
34 35 5243
28 51 7783
12 15 1276
52 38 3705
52 22 858
59 34 3773
3 47 6330
6 10 1412
46 25 5970
60 58 8885
59 9 8698
58 53 9892
55 2 8215
29 58 1433
54 1 692
22 10 3229
1 49 3379
48 28 8343
20 11 9731
56 39 7340
31 34 8585
7 15 5270
4 48 6120
31 7 1673
57 11 3486
16 59 7949
52 29 7354
20 60 6061
15 5 4327
24 45 3699
36 43 2079
14 30 8562
18 57 114
56 39 3332
11 5 3468
29 57 6604
42 36 5494
41 18 7129
48 5 4523
12 47 9308
7 6 3049
51 18 2870
2 1 6768
47 13 4640
46 48 9892
44 55 3984
17 31 987
6 9 8842
60 49 1705
50 36 4645
19 15 7645
42 21 1158
16 17 8832
54 52 5835
22 39 555
52 54 1913
22 60 8932
23 56 2708
28 20 2948
55 59 9931
39 8 7296
41 47 759
53 46 4770
19 53 6356
38 9 1576
59 25 4590
57 18 993
27 2 1140
17 41 9499
2 20 5868
39 42 391
58 42 3450
8 60 6737
55 53 5417
46 54 7514
60 19 4081
58 4 6665
5 11 5377
14 40 2046
42 35 122
27 26 9568
39 57 3060
34 33 893
51 5 3926
54 31 8514
49 33 5290
10 21 3783
31 24 116
28 27 644
18 6 4612
48 9 4836
41 52 9721
27 8 3145
31 43 8690
39 49 3819
4 10 8433
47 54 5233
11 25 1528
25 60 9221
17 4 7480
9 54 2706
58 44 543
17 48 5712
39 11 8294
17 33 7719
44 43 3052
19 32 7507
27 1 9933
17 29 3466
45 42 2354
2 1 8676
46 17 5333
50 18 9009
29 25 8488
20 18 2188
55 33 2577
35 58 3321
57 29 4650
56 49 7382
19 29 3625
44 39 6903
25 59 9264
16 46 9195
27 53 2454
4 13 4583
57 43 7281
21 34 3902
59 9 9101
22 31 9771
34 33 3638
43 17 3911
40 20 7708
41 54 6677
1 14 2013
45 41 3777
27 14 7829
43 15 2127
26 57 3331
57 54 770
9 55 941
37 1 1984
14 33 9729
44 6 1022
50 23 8466
52 5 7790
21 10 3890
60 9 4475
52 3 1025
47 58 1250
38 36 5273
38 24 6899
13 48 5123
5 13 1726
56 7 3749
33 58 3548
31 22 1210
6 45 6944
52 31 2625
37 19 7976
51 56 4383
44 51 7349
21 22 5773
43 8 4428
37 26 7657
51 30 2621
32 54 3247
30 4 1170
1 44 9533
52 22 8913
12 49 4295
35 27 2543
54 44 2119
46 55 8085
1 28 2436
48 37 6834
55 49 908
19 60 9550
12 41 2297
18 33 3569
2 37 6269
1 19 2629
8 43 4635
6 40 2885
50 39 621
51 28 6813
14 34 5550
39 7 2134
9 20 5523
59 14 87
2 18 5452
13 31 8959
46 35 9082
21 42 56
35 42 1200
58 26 4593
46 28 5707
9 35 8573
48 41 9331
1 53 2928
2 33 3994
48 47 3024
22 45 644
29 55 6912
24 8 3823
32 18 6415
41 9 436
46 11 5132
21 1 9510
41 34 92
19 55 5967
32 18 2227
2 59 1529
40 1 9202
37 47 1547
7 35 2834
8 45 1439
38 12 3179
50 36 7138
47 34 4117
58 60 6355
13 28 8579
57 28 63
33 6 3083
56 53 9125
58 54 5210
55 18 9587
29 37 5004
20 44 3577
25 32 1741
31 17 3631
2 42 8650
44 4 2363
2 14 6028
37 2 502
12 52 3299
53 18 1361
2 55 8387
27 36 4524
27 58 2260
23 36 9566
60 24 4894
43 2 910
53 27 5535
5 30 2044
30 29 4699
58 46 5803
41 47 2601
24 6 1538
36 55 1482
30 54 2328
36 42 60
1 5 2629
59 36 4388
34 48 294
12 38 2652
46 29 385
18 54 7918
14 25 8309
3 43 4203
21 26 8875
59 3 1931
19 2 695
35 47 3867
42 46 8756
51 38 4739
9 29 3781
36 6 5943
29 18 9773
17 42 3734
52 45 5650
55 47 5666
51 14 5853
17 34 1088
1 37 9184
25 37 1131
29 32 9075
40 37 5482
8 10 2581
38 40 821
11 24 1900
39 1 5541
41 11 8157
30 32 8746
38 7 9923
14 5 646
6 9 6207
25 3 9081
43 52 6587
42 10 5968
23 30 9647
15 39 8853
22 35 4349
11 1 4101
37 20 406
18 49 2044
30 29 2577
43 19 7707
25 57 7843
35 19 744
48 53 4623
36 35 9056
37 17 3455
15 31 7513
59 60 9603
35 15 7372
40 43 2259
14 4 7165
26 22 6258
24 56 5865
40 15 186
29 59 5109
2 10 7006
2 10 4084
24 17 2246
19 50 5336
28 24 9467
54 59 1841
2 22 9475
2 48 117
43 35 6879
44 45 8304
23 20 6109
11 51 7449
60 57 4602
40 31 4195
38 22 7587
4 30 3221
19 57 6715
50 43 4875
53 4 4664
9 50 1358
36 22 9263
22 36 1478
39 44 412
48 19 2770
33 6 6055
10 25 5978
17 21 5999
60 16 8238
18 45 2768
46 35 8823
21 17 5571
55 13 2419
27 17 4399
12 59 9702
6 37 8868
2 59 6369
40 52 9841
14 57 7575
14 44 1216
45 50 7686
41 5 4006
14 43 7099
13 5 7285
48 1 4981
59 60 8224
15 27 553
46 29 3632
44 2 2401
56 10 9456
36 60 4657
4 44 6443
25 29 1647
22 24 6601
55 42 4749
58 29 3835
29 3 1590
58 54 3506
43 15 2799
16 20 656
19 43 6457
50 49 2395
1 53 5620
30 8 3049
29 13 8334
47 5 8959
49 28 4176
13 44 6887
4 25 2839
21 31 7699
17 16 3904
22 10 1845
36 30 9687
38 49 9772
26 42 9149
57 48 4307
2 20 7714
27 48 1532
46 31 195
19 55 6029
59 53 4437
37 13 5620
47 15 8824
38 20 8180
12 55 4003
55 43 316
51 28 6410
22 58 1356
18 40 7187
30 43 9064
50 43 2509
5 14 6448
40 52 8323
48 22 4590
48 37 6754
48 25 9756
52 30 9395
19 39 6111
57 26 5993
42 28 2317
14 8 977
20 42 7879
50 17 2149
30 26 9818
43 55 5634
50 8 6534
3 16 2930
4 45 1985
33 13 1366
10 51 9741
48 30 1672
53 60 9697
28 29 3097
42 6 2423
23 26 9597
29 57 8092
40 16 4010
48 34 9596
3 30 7404
58 41 7560
38 45 8556
23 53 8790
56 10 456
2 16 8681
1 11 9652
50 1 4625
30 40 662
49 20 7120
24 25 6709
24 48 7755
7 28 4354
47 33 1548
19 48 3503
26 35 8994
23 52 4314
49 47 6487
14 11 7157
30 12 5112
11 9 5146
10 44 225
29 55 2485
19 40 6934
35 55 2656
49 59 5502
14 8 6355
12 5 4942
48 1 9964
30 49 3363
2 56 8214
39 20 7374
52 42 9192
38 15 5745
36 59 6982
9 41 5306
39 48 765
5 26 2302
22 8 7666
10 11 9207
26 3 8849
16 45 4471
54 10 3012
17 58 7815
32 11 6688
2 34 9141
51 55 7715
36 39 3193
28 58 3110
47 15 8283
29 27 2946
3 53 7100
25 6 5373
10 49 677
43 34 2577
14 33 9087
5 13 5297
10 22 4228
21 24 1923
27 6 8085
40 21 7341
17 8 6674
34 46 2744
38 52 4091
25 3 8885
58 39 4354
31 28 2336
35 48 7229
26 4 973
52 47 6971
20 44 8725
36 46 7868
5 33 6008
12 34 644
22 6 4651
35 26 4331
45 22 689
18 37 1861
39 48 104
23 12 2126
24 17 8013
2 10 1975
48 27 6881
40 42 5569
34 46 7964
4 49 6769
45 31 8955
39 38 9769
21 35 7970
34 35 786
10 46 4861
9 44 6429
39 1 8168
39 60 5516
17 43 1912
8 25 7585
60 37 9090
44 53 6774
31 32 3509
58 22 9241
5 47 112
53 44 8639
22 18 7680
31 46 1399
38 60 1188
3 35 9220
57 5 2121
3 46 858
3 46 1126
24 35 6768
26 18 1989
40 49 5655
4 28 4298
8 13 4358
56 57 6375
27 19 4772
25 11 5197
47 54 7984
24 58 9233
7 23 7433
48 35 2482
12 50 3172
9 56 6681
31 20 6580
10 11 9857
11 18 5771
35 32 8156
6 8 6320
52 47 3721
28 30 129
21 14 7348
54 11 9605
58 12 3801
47 58 4348
49 2 5130
37 42 9614
21 4 5523
4 34 1084
51 4 139
48 60 1724
40 41 2380
24 7 1190
1 26 2891
6 45 5693
1 15 9844
6 35 6592
21 17 3099
4 16 2172
25 37 8089
50 7 5691
33 10 6698
53 29 407
1 29 6219
6 34 2244
28 58 3596
20 14 5091
39 48 14
17 35 904
53 39 1486
21 51 2879
16 4 9553
9 39 9771
27 22 7894
37 17 7691
40 25 8450
45 57 2311
14 10 1084
14 24 6470
22 5 2751
15 45 4277
60 43 1530
8 28 2841
49 26 7227
55 26 2893
16 58 387
17 28 1303
38 17 8629
18 16 5452
23 39 5157
2 53 8417
59 8 6745
17 41 7722
49 52 2990
26 16 9979
5 49 5427
38 28 3848
45 56 7809
37 42 4465
25 40 4888
26 38 3611
7 48 9814
57 21 38
9 58 6068
32 3 6668
59 25 3475
49 59 1585
31 47 4018
31 12 9355
38 1 8365
33 18 9960
50 45 4398
10 7 4150
56 22 1709
20 30 5002
13 42 4763
23 31 4413
55 56 6564
48 14 1742
28 43 7332
6 37 4403
50 8 477
58 21 5196
58 15 3747
53 23 1588
14 37 8278
50 28 2542
19 42 1828
11 39 6681
58 6 717
17 56 6549
45 14 2583
12 48 4572
53 41 1099
58 13 1838
29 50 9913
22 31 9547
55 54 4386
51 13 417
32 25 9553
18 11 910
27 39 470
23 2 5501
37 14 8537
38 45 2121
23 38 4221
23 6 3877
12 21 4867
26 23 8592
58 27 6951
20 35 3064
38 53 4264
45 46 9133
6 51 2349
48 30 7379
22 34 6304
36 41 2338
33 22 2153
33 57 7447
16 21 468
57 7 5503
49 45 5242
46 56 3610
38 8 7523
33 3 7090
3 24 6741
11 37 9117
43 35 9367
4 38 3825
44 28 4139
34 30 2034
22 60 1046
44 43 3337
10 60 8174
44 6 9148
5 36 2105
36 46 6916
25 17 5201
58 32 5556
23 35 8205
59 13 4108
5 52 1587
17 7 3663
41 2 5979
55 5 2017
31 20 3882
59 11 3024
40 11 8568
28 8 2556
46 25 3808
26 31 7006
31 34 1868
8 21 7921
3 8 3503
22 34 7253
57 32 3844
16 30 2454
37 60 1581
13 23 3981
5 15 9880
25 33 534
14 37 8215
59 28 6397
38 40 4651
15 43 8211
39 12 7389
11 28 3309
9 1 5364
43 51 7791
5 9 3378
13 59 1006
41 31 687
18 38 6808
37 16 1490
10 30 8024
39 7 1997
25 60 5940
11 46 8592
51 50 2536
56 55 2424
40 49 9445
48 34 637
34 19 8592
24 4 4697
17 20 7348
11 1 7617
13 47 84
50 18 4797
55 4 3595
53 22 5136
60 29 9483
51 6 6921
59 33 6825
45 21 942
1 60 4243
4 18 5178
60 30 378
16 20 3685
38 56 8758
39 43 2890
3 1 845
3 12 8429
27 35 4138
47 49 8609
11 40 967
28 35 5073
3 40 441
5 43 730
15 24 1793
51 19 3193
12 10 9801
52 20 9234
10 43 7015
60 57 6102
52 4 3636
42 41 2331
36 38 8388
49 31 1729
35 47 5381
5 18 9639
36 27 2917
56 52 6909
38 7 7246
44 56 6315
25 46 3766
51 43 2685
21 54 736
45 29 8216
11 38 2546
2 53 1718
26 47 2590
8 47 5480
19 21 2408
26 25 2739
52 20 3871
59 14 7546
37 15 5135
19 4 6844
15 57 5526
1 41 286
14 4 5657
7 60 9925
31 60 370
60 32 1759
37 28 1208
21 10 4888
50 33 7044
45 7 2356
31 25 6674
36 15 5714
37 47 3861
2 28 4484
42 45 3984
32 30 2413
10 1 9650
1 36 8026
18 33 1777
12 39 5321
35 26 7053
26 13 5290
12 52 3226
49 33 8245
16 1 6807
17 30 2765
26 18 3320
38 39 549
52 8 6796
2 21 7048
28 1 9846
32 19 7172
49 8 1664
27 13 215
21 13 5169
36 51 8882
36 10 2609
5 35 1774
36 17 9193
36 43 2543
57 20 6569
3 45 4721
12 18 4087
40 38 3766
50 18 3802
56 18 1764
39 50 144
26 34 7272
9 41 3048
21 35 4816
43 34 765
25 26 2431
6 34 9460
4 51 3211
45 49 2088
58 11 6510
32 8 9230
56 8 3093
42 33 5717
22 9 6969
39 11 7944
57 47 9038
53 31 8334
47 44 5413
16 46 9124
23 36 6809
51 49 3548
38 56 4824
24 25 4038
28 17 5608
5 7 9002
25 34 2398
36 7 4100
30 58 9248
13 57 2688
45 47 1447
20 40 4022
31 21 6324
5 22 8483
31 28 3292
23 17 2693
49 59 6491
22 23 8891
54 50 2177
9 40 459
8 14 5090
50 57 5316
35 17 5149
15 43 8461
11 13 7343
44 59 3303
27 20 6168
10 26 218
32 29 9114
5 31 5368
35 22 6840
30 32 6976
15 47 4635
27 19 9661
21 58 5964
30 10 8724
47 18 2579
28 17 4322
49 40 7525
8 37 4783
57 2 3116
21 39 8349
8 59 5319
22 36 5799
29 23 9375
42 4 2867
36 17 7842
23 57 9172
6 55 6410
5 38 5304
8 22 1009
31 16 3390
24 39 9197
58 12 8679
57 39 4031
46 37 23
19 7 6088
19 16 2343
52 31 6477
54 42 4285
55 56 3606
31 17 1272
11 7 8164
14 12 6028
39 6 7671
41 42 3409
18 30 5897
23 51 5046
27 37 97
47 37 2394
52 24 1301
4 21 7091
32 29 6596
34 13 4569
37 59 1330
38 42 7607
8 44 9520
3 47 6078
33 42 3845
25 12 38
6 24 3078
34 11 813
30 32 4750
32 28 8473
29 25 7936
37 11 7455
38 35 3263
8 56 863
56 12 513
39 40 4648
20 10 848
35 45 1058
49 58 3084
43 31 4616
59 29 1343
8 4 7599
60 34 7238
46 50 1313
5 12 8103
58 60 8836
18 9 8666
21 51 2620
8 46 9703
52 37 9912
15 2 7184
31 3 5786
10 58 2767
10 39 557
34 38 7533
59 42 9307
22 15 9482
25 26 9492
8 58 6216
41 50 5522
42 7 223
36 16 6453
37 26 3938
44 32 52
16 26 5893
27 13 204
13 60 6290
23 57 8019
32 55 2298
5 41 7410
12 16 227
24 58 6446
55 20 3553
48 47 9218
9 39 4222
6 9 5365
32 55 1054
1 42 8519
53 36 5815
7 5 5182
47 35 83
35 27 9544
11 5 5396
48 45 3318
8 43 8836
53 49 7289
23 15 7064
31 20 1451
17 32 2747
16 2 1981
48 13 4743
58 47 3439
56 37 5627
9 21 5324
60 31 3374
51 14 2785
3 29 1498
46 50 4702
35 8 8671
45 40 2902
1 22 3184
16 53 4201
23 55 3618
25 19 8768
7 11 418
57 36 9048
41 45 9292
37 21 5277
11 1 4658
11 56 8380
38 60 5
5 36 8150
52 51 362
15 41 6983
45 46 7873
26 5 9930
50 2 1334
8 6 3056
11 30 1915
60 41 9195
57 39 1820
35 20 6008
32 31 1584
48 54 2534
36 33 3650
42 48 4117
23 56 4078
21 44 8354
26 24 6777
42 37 3069
22 44 9052
28 36 8249
21 40 4825
2 24 6441
28 2 3874
43 28 9702
53 26 4686
58 34 3540
46 28 6147
37 47 6381
13 38 3201
59 22 1143
13 4 1563
1 27 6220
52 11 7351
5 11 4069
2 4 669
45 60 52
60 18 1257
33 40 5877
20 53 5369
15 47 2326
22 5 7048
59 34 5252
41 40 465
13 9 9087
22 14 8379
35 31 402
41 43 3040
41 53 4569
7 57 5220
40 18 456
50 52 8801
21 58 319
13 20 913
4 51 4527
52 11 907
17 18 9351
12 11 7047
27 60 9221
19 40 5326
48 38 3054
55 19 8640
31 51 764
29 2 2004
4 16 2746
16 52 5289
35 27 8051
37 26 4461
40 52 8978
39 37 224
15 34 9778
55 48 7993
33 58 4852
31 23 9271
10 28 3730
21 5 102
30 43 6654
3 36 4026
44 5 2682
22 25 8692
45 22 6877
42 27 4416
58 26 900
31 52 8157
17 3 8934
50 39 6930
13 30 130
48 25 290
30 25 1143
47 59 1182
57 11 9220
8 20 54
53 59 6204
21 20 6106
18 5 4759
41 24 5179
19 35 6353
55 13 9080
51 44 14
21 57 4190
57 55 6219
46 15 8654
8 45 5169
58 25 5667
56 43 1318
18 54 2467
60 2 2662
48 50 6639
29 28 8781
25 50 7384
14 7 5362
13 30 1946
12 40 1196
56 39 1388
13 52 5390
22 45 7360
48 11 5237
29 28 8430
39 35 1675
6 12 2007
10 57 6449
7 8 7331
42 40 8983
44 15 7123
34 45 407
1 55 6722
49 30 1927
15 37 4844
51 33 1267
23 32 9610
6 9 1505
58 26 4684
32 37 1488
59 54 1917
6 21 1398
52 37 5104
38 6 6159
32 29 5071
34 24 1529
27 30 7948
9 30 8942
32 59 4082
28 13 6226
45 26 17
4 10 7704
57 34 851
38 33 9360
24 55 1487
52 37 443
46 59 4529
49 56 4226
18 37 232
10 17 6796
19 36 8786
52 58 8820
4 14 250
20 45 634
30 48 2340
57 45 2601
11 33 5996
45 40 20
38 5 933
15 53 3868
53 33 1108
16 51 5898
19 18 4491
10 42 2223
32 45 3290
11 40 8055
10 36 2359
4 28 291
59 38 3003
23 48 7747
60 16 408
12 57 4544
31 49 8094
36 53 6240
47 36 1153
28 2 3384
21 60 7449
53 39 5223
30 31 3381
15 25 4781
59 30 5835
54 13 7045
16 58 488
23 54 9695
46 23 2256
44 37 8056
45 24 3719
26 21 4200
59 38 4549
19 58 4711
22 54 5097
46 47 3418
27 30 6827
24 41 659
38 19 5426
29 55 1172
43 41 2493
30 36 7056
10 13 2971
55 52 8
40 28 9330
10 45 482
46 17 7555
35 4 8237
3 7 3954
46 44 7702
43 36 2488
48 11 6110
22 32 711
17 31 5979
25 33 3228
10 18 5153
28 19 8833
17 40 1302
30 18 3594
2 11 3498
18 8 18
47 59 8949
50 25 7127
16 18 2103
26 50 2254
50 53 5652
22 7 3935
6 1 233
4 9 1713
38 3 6318
47 10 3521
45 12 1902
19 12 944
31 1 7476
59 42 6204
2 24 1522
16 6 5805
11 18 2479
31 18 3885
1 22 9366
16 55 9004
6 2 2309
26 59 9412
54 4 7662
14 13 165
1 5 231
7 58 5875
43 31 8399
43 3 869
45 42 444
47 23 3068
50 53 7394
29 55 931
34 5 7430
50 60 8181
37 5 1369
25 46 3055
29 55 7901
9 28 4844
33 13 8966
1 7 8732
41 21 1160
55 11 3115
52 17 7948
59 43 3733
1 41 4534
50 52 9181
9 42 810
46 18 4254
34 8 5775
20 42 2433
60 22 8311
22 43 3562
2 57 4552
6 20 1215
15 45 4603
59 53 271
26 5 3928
13 17 7148
7 53 3521
10 22 4252
46 30 7950
5 59 4415
45 32 7103
42 19 502
25 5 4368
47 4 8641
33 6 642
10 5 2260
38 22 7107
3 14 1670
56 21 8299
28 34 4129
2 36 7949
42 34 2495
10 28 7579
57 60 5850
53 29 2666
13 22 4826
25 47 3581
55 30 6012
47 41 8304
33 3 7567
19 13 4456
6 1 8895
43 50 3012
5 9 348
43 34 2158
1 52 2452
31 14 8237
42 27 2525
19 17 7433
35 42 3403
44 42 4206
29 24 3765
8 54 5973
6 41 1421
53 60 2546
11 20 789
48 34 1700
36 27 9113
34 28 5834
44 60 4537
60 51 6610
46 51 4729
30 45 5745
42 46 4983
16 1 95
48 19 1672
7 59 6409
34 1 5497
49 6 2780
6 55 4820
5 24 6121
31 21 383
54 20 2824
50 34 1329
3 19 1153
23 40 8562
5 9 7032
18 27 6130
3 40 1507
52 30 2823
46 25 552
39 35 3431
53 34 977
18 7 6264
50 34 7043
3 53 1861
24 42 3797
46 42 7571
25 4 4788
54 4 8233
23 12 7828
30 58 1135
7 23 10
31 60 1739
1 2 5746
16 11 9651
23 44 2253
33 51 4915
29 53 2500
1 2 5446
16 23 4051
48 45 5053
41 26 5768
34 44 244
29 31 4128
28 34 877
41 2 7941
16 9 8998
26 48 561
20 32 3618
24 29 4849
40 22 3280
37 25 4999
12 59 5418
48 8 390
1 51 4071
49 39 5731
32 29 906
31 30 8067
13 18 9001
56 45 7926
1 13 842
28 27 5123
41 43 556
60 46 4085
32 19 4675
14 26 3936
12 20 3618
3 4 5646
44 46 89
16 4 8949
19 48 386
41 47 286
9 52 231
1 42 6038
13 27 9142
22 43 5758
14 43 8574
20 55 353
43 1 5732
14 42 1536
35 27 220
51 43 5872
53 26 8063
16 22 3277
35 27 8093
14 26 4421
47 5 1850
17 50 747
52 17 9875
49 20 132
14 37 1777
34 20 1473
28 56 469
30 48 958
33 56 2614
41 16 3515
43 17 1833
49 3 7059
33 34 8140
11 4 76
45 44 5411
23 17 9063
32 2 9811
7 21 9357
59 53 1200
48 40 7748
28 25 49
31 49 9076
25 49 1191
27 17 8313
28 41 513
23 2 1467
57 12 775
4 57 5060
55 41 3719
39 47 9484
53 35 5999
29 22 5211
49 5 7062
59 28 5226
17 20 5239
35 20 2855
18 53 3749
33 14 6671
11 46 6005
57 1 6197
28 14 5648
3 27 2998
56 6 1342
59 23 8103
60 57 4464
52 40 4888
37 56 9228
20 50 1053
58 6 2857
10 53 6872
15 40 899
15 37 486
12 45 8087
40 10 4446
40 21 2467
51 25 5605
56 23 5047
56 39 84
48 16 3725
13 39 9220
13 35 8166
4 49 7027
27 25 4839
53 58 7385
55 12 5373
53 2 2204
29 34 4365
37 20 3900
7 26 5287
37 21 7797
32 60 6188
49 9 9324
48 15 7684
14 31 2730
5 40 3940
9 27 3167
57 48 3733
33 45 3142
8 28 2078
54 6 9821
58 25 2157
38 46 3066
47 6 5113
53 3 5199
22 58 7928
37 19 7093
18 32 6157
6 48 5815
39 57 6784
22 6 7190
41 21 979
30 45 8660
51 30 4834
54 59 4756
38 37 4186
28 22 166
39 40 1396
12 56 7090
57 47 1724
18 8 2114
37 23 8839
18 8 1327
51 8 4479
48 46 772
57 2 6125
44 8 1630
27 51 5500
12 4 5079
31 49 4906
37 8 5097
28 22 7664
12 9 7734
6 11 9962
4 15 7606
51 32 6724
12 56 8848
24 28 791
25 37 8727
29 14 7182
50 60 9693
33 2 6024
36 9 1842
37 23 7972
30 16 2531
18 46 5625
27 14 1717
47 18 3188
16 38 5575
14 49 7453
7 16 6823
3 48 9014
8 48 9699
32 37 548
20 23 4110
15 37 9325
44 3 4428
23 47 2173
20 27 2900
7 57 6048
4 30 2224
49 6 347
21 8 4616
55 28 1820
20 46 2817
2 53 7385
39 11 4038
47 55 3622
59 52 4884
22 9 5724
15 2 9958
6 8 210
55 45 488
50 30 2731
25 53 4772
39 6 133
32 12 7175
16 42 4591
20 39 2036
27 45 7179
2 28 1085
21 15 7675
43 6 1428
7 37 1561
21 7 4636
60 13 2939
4 53 8638
34 35 6625
32 53 1323
31 23 4333
23 18 436
2 28 3240
1 58 9697
46 15 8834
52 31 2858
46 47 8696
46 58 741
21 49 7729
50 58 7522
55 56 2005
16 28 9907
58 31 8479
3 40 9450
16 23 8417
36 9 3310
28 21 5970
44 42 3812
12 15 7630
11 26 1032
37 50 3279
4 38 3467
14 3 9319
38 12 8370
44 14 6775
23 59 6385
10 2 9998
57 53 8787
13 59 7525
25 59 6552
33 45 9413
8 43 8954
1 35 4997
49 14 5558
7 45 9132
39 56 979
1 20 5124
32 28 2471
8 18 3230
35 49 3019
33 1 9882
9 35 5554
28 34 9706
5 55 8276
2 43 3561
20 29 6907
3 26 7458
6 43 6344
8 15 1012
39 24 7611
36 38 1639
22 17 925
45 38 9039
56 2 9713
37 24 8016
29 43 1548
27 47 2904
20 11 7366
26 58 7662
49 31 704
47 4 6713
40 38 531
58 36 4271
57 26 8960
29 50 5083
42 27 4691
19 11 4644
50 43 4542
20 25 3179
50 38 9912
26 35 4532
9 2 7003
57 39 9565
6 48 1358
30 55 8334
33 41 5504
4 2 1906
59 18 1825
44 58 2079
7 33 6381
29 33 4873
36 10 992
41 38 2200
35 2 4207
4 22 9671
8 13 2750
35 40 2462
22 4 3971
53 28 4263
46 2 3452
43 38 9519
43 28 1165
42 11 7200
37 20 6439
13 11 6872
21 45 9447
15 28 9401
29 17 7218
1 48 1704
15 23 2777
41 47 8478
33 55 6516
7 51 4643
18 41 349
24 7 3617
11 52 9423
39 36 4519
60 35 4863
26 47 4272
40 44 3669
58 43 575
53 35 7750
25 57 6314
27 54 6203
37 28 8217
50 8 5542
2 43 1103
47 13 506
57 46 3705
41 51 369
4 55 6955
53 8 1769
40 54 3242
9 45 6560
38 56 5505
12 30 2252
9 16 9832
14 60 3733
34 46 3431
19 44 1019
53 21 5568
53 9 1997
5 41 5702
7 25 8498
43 42 5315
37 47 2088
40 35 1247
41 18 5500
46 9 3134
27 13 9705
58 26 2318
22 45 6158
10 53 3722
46 41 3387
15 25 4766
25 34 9524
28 40 9602
53 27 1193
7 24 7392
46 4 1326
50 51 1432
38 9 4700
34 47 1596
24 37 8391
38 33 8135
30 25 2114
23 15 116
52 49 3595
46 36 392
11 56 7138
44 54 8860
23 56 3542
52 17 1428
12 56 9042
21 50 5515
9 26 2492
51 23 9084
23 35 485
19 48 1710
39 60 1069
60 45 683
60 14 2213
34 19 6449
27 26 5124
51 55 5847
28 37 2692
47 44 1406
38 52 5731
5 21 5131
6 48 273
19 33 5186
37 12 7360
27 55 9333
37 18 3372
37 60 3315
4 21 4045
15 24 6206
18 36 7594
24 28 8274
10 19 2667
33 2 2734
32 52 6984
28 14 9121
23 13 4123
21 46 9948
16 5 3599
19 1 7779
15 44 10
23 47 4806
38 22 9643
15 51 3239
22 44 4410
12 53 1910
33 6 4651
23 51 9043
16 11 1903
1 6 5904
7 40 280
60 27 225
22 34 9168
49 13 7980
51 43 1350
54 6 9260
36 22 1178
59 5 4198
34 21 955
55 6 679
36 48 6259
22 39 5559
34 59 6065
35 44 8114
46 9 5923
53 20 1203
5 17 5805
9 17 9388
1 15 2739
45 21 9583
25 7 5885
4 39 3880
12 48 7442
2 54 2121
52 7 5044
14 15 6433
10 11 3995
43 8 2119
17 22 1509
53 16 1228
20 16 8696
37 26 4251
17 48 2768
56 12 4816
60 9 532
14 13 6796
34 51 2447
11 40 6982
38 27 4691
31 23 213
34 38 5535
21 6 5697
17 54 3826
21 58 7002
8 6 1743
55 33 2061
3 19 861
50 51 7087
39 46 7066
45 59 5512
41 38 2325
27 38 9799
20 31 4500
44 9 4402
29 23 526
48 40 1453
35 6 1397
21 40 3012
7 45 6169
23 8 9318
24 49 569
44 16 563
25 29 6597
58 54 1410
36 52 4307
13 49 514
33 30 2230
27 60 3557
15 48 1045
60 5 7241
8 5 1299
38 42 2344
16 14 7825
40 51 4888
23 39 193
16 56 4047
22 56 1068
19 49 8970
50 37 1553
42 55 762
29 60 8374
34 12 619
13 10 8777
51 48 4459
8 24 7500
15 28 1448
46 7 5412
45 4 9546
29 4 5865
33 30 2601
32 23 1930
35 7 4219
42 39 9696
44 18 3360
56 18 2032
53 3 4843
6 49 7659
49 5 1007
13 7 8558
18 56 5709
52 39 8544
27 15 8124
25 21 8210
60 37 9737
56 40 6520
50 57 9285
10 2 2215
15 26 6302
27 53 2703
53 15 7522
43 42 7397
22 35 619
34 50 5946
14 28 9581
31 26 3095
6 52 7362
5 6 7932
17 59 786
43 53 3134
19 34 7320
49 17 9302
4 58 9335
18 31 3544
8 5 9165
44 33 3442
37 42 3436
17 27 6928
5 25 1103
9 42 4190
34 24 4048
31 41 6772
51 30 638
30 7 1336
58 57 312
35 3 1977
6 18 9998
42 16 8477
16 4 3359
41 37 1406
51 55 542
3 38 9857
3 56 1756
38 20 6691
16 28 2776
40 38 5315
44 6 7347
20 27 8556
54 58 7975
54 29 7818
18 29 5443
33 59 6847
44 39 2468
12 41 1103
3 35 6781
54 30 8986
28 54 7976
31 18 9803
57 6 6931
4 21 1083
3 19 6104
60 48 4370
6 1 9820
16 29 6654
1 30 9910
52 56 9379
59 40 6840
27 23 9023
18 32 3303
35 60 6370
56 38 1169
27 14 4524
52 5 5878
38 22 4119
18 40 3526
22 17 4171
18 60 9051
23 42 7699
35 23 6471
30 6 6144
33 37 7978
59 38 8438
49 25 4462
55 24 587
60 31 1116
5 14 5666
48 32 232
45 43 1482
45 56 6104
5 18 8969
55 43 2688
28 38 9330
21 40 4130
31 7 5103
48 60 2276
3 5 1927
11 59 2471
17 43 7670
49 36 2953
12 56 1980
3 5 2141
57 8 5541
11 38 7107
41 53 2689
22 56 1065
13 11 9499
35 59 9992
41 52 2465
50 45 4839
25 8 3033
4 1 2482
58 6 6374
48 35 7094
36 17 7165
36 42 2071
35 7 4307
7 41 3880
1 19 6443
60 45 459
42 8 2025
43 32 8950
18 44 9990
48 45 5599
7 22 6894
23 25 4045
14 40 1784
58 49 956
9 30 8703
25 36 7578
55 28 2701
32 33 2776
8 29 1899
14 21 2943
46 40 7469
27 46 1429
14 6 1356
38 37 1487
4 38 2920
27 21 7779
30 44 3144
20 14 344
39 22 5664
5 54 4773
51 29 4983
52 42 1075
34 40 4281
17 4 2566
57 4 1977
40 11 700
56 44 2815
5 34 7544
17 36 9198
24 55 3547
57 20 9288
45 24 3021
43 58 9239
32 14 699
32 38 655
11 51 5832
10 7 4257
34 8 197
55 19 9656
51 15 8544
1 56 433
51 59 5060
56 53 6737
17 44 876
46 49 4775
51 47 9210
15 32 4456
43 29 3902
40 21 1578
7 34 276
6 51 3921
48 26 7042
42 15 9619
24 43 1883
24 49 2264
20 44 7940
13 7 4587
35 54 5083
41 53 1238
24 33 6051
2 40 9379
43 18 3796
36 20 4389
2 14 5288
24 17 8295
31 12 3650
51 28 3155
54 8 6997
60 43 2833
33 27 6318
14 17 8728
34 58 9247
16 42 2366
60 16 4370
13 54 8680
50 20 7354
30 39 7843
21 7 973
6 22 999
12 21 295
32 8 5805
19 60 8827
50 42 1951
22 17 2656
8 2 1323
15 35 2755
16 54 9778
58 25 8637
52 55 3292
38 46 4718
12 44 7888
49 48 4847
19 54 1320
18 51 5051
9 58 2312
38 45 6665
46 3 1487
27 57 19
1 50 1998
1 23 1453
40 31 3875
26 35 6014
21 27 6448
20 43 7773
13 21 1190
19 15 7539
11 41 1671
22 48 5917
2 27 6290
38 25 6369
55 31 3168
22 37 634
17 58 8221
48 22 7680
