80 6000
15 39 8527
9 42 284
9 65 8396
34 65 188
25 46 4087
51 76 2768
52 75 4829
10 31 312
16 58 3952
17 61 8335
64 75 7747
24 62 312
30 69 55
19 47 5914
14 72 8505
6 14 1274
21 58 2103
15 46 1836
3 33 4422
25 43 7097
42 60 5189
76 79 4144
10 27 1407
7 16 6172
29 78 4835
1 5 3689
15 43 7572
1 3 9319
56 67 4096
15 65 4714
31 56 9984
70 72 6663
64 71 8260
34 67 7758
72 74 3307
32 48 3991
11 37 2517
21 46 5263
65 80 2826
1 62 5903
5 79 791
5 31 7537
32 43 2748
47 65 3970
16 69 3062
5 51 6774
18 29 7645
16 33 1694
38 48 6908
5 7 9290
34 48 9172
19 76 1086
21 38 6816
22 53 2422
71 77 7175
23 56 6217
32 42 5203
32 36 4111
75 80 8211
1 70 4818
39 65 6931
15 68 4998
24 58 5079
23 27 2568
27 33 7674
59 74 5351
2 64 5001
9 17 966
5 20 2381
3 31 8973
52 54 5244
35 69 34
32 63 2240
34 71 7466
52 62 3298
16 49 5856
1 41 1550
22 79 7025
7 30 902
58 75 6158
78 79 2036
12 59 2367
33 48 3712
54 59 7335
2 4 5989
21 60 6395
17 73 8388
2 60 2018
10 16 2389
27 51 1484
52 71 1745
36 59 5586
38 77 2928
46 56 945
5 73 8579
30 42 7686
12 31 2258
41 60 5512
1 29 2627
25 26 6265
37 47 9039
25 40 4298
35 76 7269
66 70 8577
48 70 2458
6 52 6475
40 70 7223
13 31 7025
24 43 4016
36 66 4045
29 74 2134
29 73 1977
55 73 5852
13 48 1932
37 55 9002
39 68 3875
25 57 9875
41 67 9345
45 75 7575
7 57 6790
73 80 4504
35 41 7041
33 54 7804
33 46 1093
3 69 2391
20 59 669
26 73 2758
46 69 6671
4 29 2187
20 76 6449
9 45 8956
18 80 4191
59 65 7002
24 61 1864
9 35 8770
32 41 6555
36 57 5830
12 36 8676
15 23 5961
22 37 8759
23 74 3644
26 67 4360
5 12 8811
5 59 4544
19 46 343
22 36 1393
42 49 4082
47 48 1283
43 62 4796
7 12 9238
41 70 880
8 45 2903
40 61 1133
29 69 5630
31 34 4101
54 69 3357
31 60 5848
10 56 3576
14 29 1358
13 46 1188
8 17 6791
17 26 3378
28 64 4834
26 63 8201
12 42 8864
21 26 1445
2 49 7702
26 43 2609
27 74 9284
19 43 5189
27 54 9033
19 30 9344
20 53 1698
8 36 7044
15 52 3094
10 79 8403
5 50 6643
22 60 4381
31 53 2679
16 32 5895
33 70 686
15 20 1051
24 57 9134
4 79 4194
51 56 1012
37 57 1250
23 78 7500
31 55 3543
34 68 834
16 66 547
59 63 3884
27 53 8661
50 52 7940
46 63 6203
22 40 1335
16 30 9831
12 19 1902
11 25 4290
9 75 6703
3 51 3459
30 34 3364
8 70 1821
30 31 5110
45 47 1756
28 54 3057
44 54 6926
53 76 5223
50 79 1714
69 71 3969
37 44 7074
65 79 6602
1 18 9983
12 20 6634
35 55 9984
35 49 178
44 48 1338
2 63 3100
48 62 1518
55 78 8480
16 80 5366
9 19 5110
8 9 7150
11 52 2384
15 64 3522
19 51 7731
45 57 3979
24 68 7609
50 70 9768
59 72 7015
15 53 2942
19 50 6495
48 59 6048
46 77 3301
17 24 7997
15 41 7554
18 58 8125
13 69 7290
10 41 313
6 64 126
55 72 6253
9 24 5153
34 49 4798
4 6 7883
7 25 1578
57 74 4271
68 73 3781
1 27 3148
47 53 2013
66 74 3366
13 18 7666
13 55 2210
32 79 2760
77 79 8980
32 77 8104
40 63 2521
8 26 4890
41 71 6340
24 53 2771
24 55 888
10 23 2318
6 78 7641
21 28 2491
49 61 5875
44 62 9866
3 29 7944
5 21 2293
6 38 6731
7 43 7585
33 66 2045
12 60 9267
28 71 9738
14 67 8483
31 57 7715
17 35 2034
14 70 5561
59 76 2330
10 35 9918
31 76 4873
49 75 3116
52 76 1981
35 57 2466
10 14 4542
23 80 866
30 51 3279
14 33 7436
3 56 674
41 77 4648
43 77 9966
2 75 6486
38 73 9938
7 50 8630
26 70 935
38 69 7446
27 36 1639
42 77 3870
43 48 8015
12 41 4221
11 70 1365
52 63 3234
41 63 5033
26 48 8586
7 28 2861
43 57 1756
31 35 7413
56 75 1718
32 51 1341
10 43 7829
27 77 6429
2 58 9047
43 70 3773
14 20 5378
9 46 2760
2 74 4672
30 62 6146
23 24 6848
5 27 2552
53 79 3550
3 42 2348
9 72 2733
7 55 638
11 80 2186
45 63 4314
1 65 5297
29 80 1619
42 76 8171
34 51 8243
53 72 2046
38 54 8287
37 63 2675
19 45 1020
2 37 198
3 76 7909
34 64 7328
3 62 391
11 27 884
43 55 1202
16 46 7451
41 78 8896
11 49 7567
2 67 8291
10 15 5210
14 54 5681
40 50 9917
20 21 2878
30 61 2335
37 80 93
41 53 636
20 37 9830
47 52 9545
31 62 8694
35 74 3288
28 56 2410
53 77 3392
24 38 4953
63 74 42
42 45 6132
33 34 5179
45 56 3775
6 76 6661
14 21 2092
45 80 4076
36 42 684
47 58 985
12 63 8340
7 26 2304
41 56 3697
48 74 2049
12 45 2700
2 57 2210
52 80 1099
5 9 4663
8 65 4878
35 43 5575
50 76 8340
34 42 8190
38 51 1089
53 80 8033
47 60 7616
36 80 7397
32 39 9047
59 78 6798
20 31 3360
3 73 3048
6 8 3329
14 47 1352
4 34 3456
12 52 6704
55 74 7704
44 65 2981
43 44 3322
28 63 2048
23 49 3380
20 77 6198
18 37 3394
7 31 5961
34 63 5463
33 49 6698
27 55 9306
7 36 2725
53 62 6225
1 63 9050
14 79 1358
28 48 301
18 51 2300
18 34 6461
2 40 4184
9 78 7413
26 42 3151
12 55 5812
25 72 3563
15 55 3772
58 72 6685
52 73 9228
33 43 217
12 47 1295
15 40 6132
6 35 4321
35 80 6111
7 20 597
30 43 5328
38 50 4168
79 80 5589
18 42 1698
63 71 792
19 48 1506
3 72 1345
20 66 1254
57 68 9710
63 76 701
20 58 1827
1 25 5070
29 44 2930
16 79 2501
1 38 7769
12 18 1600
49 53 1358
23 42 7805
22 45 9259
29 30 2881
71 72 9513
26 31 1016
45 69 1933
65 72 3233
63 70 4981
56 77 5445
7 17 146
6 41 1995
54 61 2707
42 55 9708
1 40 2821
23 73 7255
12 51 5004
49 73 1557
45 59 3968
3 37 7177
16 17 7656
49 51 6079
10 37 4807
41 47 4466
30 64 7449
25 71 5803
16 73 556
24 70 3789
43 76 4367
54 60 2849
8 22 2043
26 52 1441
10 54 5395
10 44 3159
40 71 2157
56 62 2435
47 75 5310
13 19 1535
71 73 343
32 47 5187
44 47 2114
65 77 7671
39 51 8715
52 60 2732
5 34 3022
2 5 9609
15 70 7107
5 48 1367
23 71 8492
2 79 4971
56 79 4395
5 61 9207
4 60 4308
46 59 9615
19 53 3206
20 39 8955
54 58 6344
66 67 498
7 22 7333
14 50 3809
13 72 8919
22 73 8462
38 58 9509
2 46 784
20 34 1373
36 40 5226
32 52 2768
6 20 9675
14 28 2688
24 77 3335
23 47 4490
30 45 9267
67 69 7554
76 80 1747
9 62 6179
35 58 9172
23 41 660
13 80 8664
28 39 6105
3 5 5700
36 43 9023
37 56 3388
33 42 1957
34 76 3193
29 35 235
24 40 960
19 29 5115
27 63 5091
16 67 1066
4 16 7971
10 48 3149
16 40 8140
38 79 1979
15 63 254
25 33 3575
12 24 8668
72 73 938
21 25 327
43 63 1378
9 70 6281
15 79 8477
27 52 7073
3 24 5827
1 61 4257
30 72 7782
1 17 2665
40 45 4267
33 36 1665
33 52 8358
50 54 664
22 51 567
16 54 6640
22 46 54
42 61 470
3 34 6431
27 67 7090
37 58 5150
2 72 7043
43 78 7193
49 62 8999
12 14 976
5 11 3949
7 32 8149
15 32 3404
38 43 2555
25 64 431
48 71 3409
52 55 4359
35 72 3819
4 46 2862
20 27 5108
49 56 6477
7 78 8662
53 59 7021
4 63 1749
59 79 1485
15 69 9502
13 21 7960
11 74 6003
10 18 3108
19 77 2468
48 65 3019
45 76 396
37 45 4185
37 40 8657
9 57 7962
21 35 4601
13 35 2464
21 51 4701
5 15 3943
16 21 5246
38 59 3818
19 70 9050
3 36 4386
48 69 6093
49 58 4305
14 61 4343
25 45 7138
58 63 9650
42 71 5199
48 60 4432
6 56 6383
43 68 3622
11 51 4710
25 73 6234
25 69 1066
9 63 5406
19 31 6966
10 30 6426
11 43 5393
3 25 5883
25 39 6620
15 30 8493
41 48 2286
24 26 9114
5 72 7488
6 46 5519
18 46 1223
34 38 3475
6 57 37
61 62 1367
41 57 6894
44 77 8700
38 45 1834
10 75 6343
48 67 7776
30 71 4357
2 14 1309
34 36 9119
3 68 4279
6 42 7627
5 26 1077
45 72 9736
9 55 9130
23 61 9128
23 43 3509
2 18 5483
5 75 714
61 79 8031
51 79 9262
52 56 2489
11 50 804
27 73 8626
19 23 7867
13 42 19
22 54 8644
16 25 3854
32 67 4853
20 32 9410
4 9 303
55 75 8140
7 79 5214
57 77 4637
22 69 3670
46 52 592
3 19 24
51 66 3064
51 55 1767
5 37 3932
5 64 1886
32 57 7810
33 61 8302
15 54 7356
44 70 7640
8 24 5844
52 69 1886
23 72 9593
6 73 4554
15 51 2167
17 65 6619
23 35 8
53 74 2691
45 53 9708
68 70 8113
38 68 2570
7 9 1663
37 77 9780
28 45 1420
44 51 907
5 8 2663
19 49 3784
63 80 6720
26 77 7301
38 75 5950
26 36 3151
28 43 6736
49 64 3117
50 53 2372
46 74 8573
26 45 8697
34 57 4963
24 67 2661
34 80 4961
16 75 5878
40 59 324
53 61 7545
22 64 8020
24 31 4588
58 60 1066
34 50 7604
10 69 2271
3 12 7517
24 51 4264
21 57 8581
6 62 9251
35 59 1464
20 61 4129
28 38 1977
13 60 4129
28 37 6949
22 32 176
13 43 919
8 50 5714
50 69 8827
38 78 8814
56 72 3811
15 34 3629
4 12 7707
43 65 6545
36 38 8622
9 64 310
45 70 3444
16 60 5674
67 80 9410
52 79 8731
41 72 688
20 51 4853
4 35 9208
3 26 9608
59 64 788
2 47 2139
56 57 7108
30 50 9858
1 21 6834
20 40 9489
7 74 1878
25 60 366
43 54 3080
16 19 3335
53 55 857
57 78 3033
17 80 2864
10 36 9644
60 74 8773
27 32 351
27 28 6447
27 49 9687
24 45 591
52 61 7479
14 74 745
35 77 5838
45 77 1061
33 65 403
19 59 4505
8 47 8977
1 33 5989
18 33 6434
11 38 5564
23 31 9661
10 70 6981
43 79 8639
29 45 3189
36 53 7163
26 58 58
48 63 8146
54 75 6072
16 77 5841
35 61 3284
2 13 6988
3 71 3266
64 73 446
12 80 9502
62 73 5614
11 66 8268
18 73 6448
11 28 4529
6 53 7536
45 71 4094
46 65 3935
50 55 9551
14 53 9724
47 68 232
26 62 4033
35 37 5594
42 58 9059
28 70 5064
45 61 327
40 49 5405
68 69 3460
40 57 3561
53 69 4765
15 42 2048
12 32 5691
17 66 8113
59 77 7499
11 19 3670
23 67 2893
70 79 352
8 74 9240
17 30 4976
6 61 5598
18 35 7013
10 74 2724
33 56 2729
25 79 9070
45 74 2491
4 5 6875
4 57 4570
40 47 5190
3 14 4358
35 53 6872
18 76 9718
51 65 9005
53 70 2025
39 75 2253
9 80 2813
28 29 103
37 74 6385
18 30 5405
40 42 4283
8 25 8818
20 25 4745
5 74 8260
36 37 7064
5 68 1561
1 34 9958
20 35 9196
22 66 2168
21 59 84
23 54 9482
3 16 8152
27 30 9354
3 13 2900
9 21 2931
65 67 7658
4 53 4506
34 77 5289
3 27 2939
24 74 831
5 78 8897
52 72 4846
4 78 4520
60 76 5279
9 15 8194
47 70 2042
8 37 3275
18 57 7376
6 29 5854
61 69 975
1 53 8883
5 53 2435
27 43 3935
17 18 1740
16 26 3866
55 59 788
20 24 9374
1 52 4060
25 75 7812
36 44 1915
15 47 5535
21 44 9319
42 78 277
38 74 191
61 76 6897
32 38 8142
46 48 2170
1 69 9744
13 26 1345
12 38 4241
47 55 6173
9 66 6298
24 80 6662
65 74 7195
60 78 5475
25 36 631
25 38 5701
10 62 242
1 67 3680
24 28 7756
18 23 2540
58 76 8266
7 77 2127
11 72 8792
28 68 2680
14 44 4001
52 78 9292
38 57 8747
38 44 9938
21 27 1219
7 63 8845
51 75 4475
38 60 764
17 34 8277
39 78 850
5 33 6590
62 65 7238
40 60 9723
48 76 1643
7 67 9237
59 73 5517
42 63 5044
11 30 2368
25 66 5949
8 59 6169
28 67 2075
36 77 665
71 76 9087
35 46 6572
42 56 8631
55 66 1014
41 52 7502
53 75 4312
11 23 3257
37 65 2693
11 36 5470
65 73 9064
12 26 994
59 68 1937
21 45 5545
69 70 3331
26 38 9149
23 25 9375
62 78 8234
13 75 9535
34 70 8255
24 36 5249
14 34 7733
6 12 2553
26 55 9660
44 58 5270
19 58 8938
4 51 768
18 63 4899
50 59 5318
69 77 6072
51 53 3801
19 75 1871
2 24 3752
4 56 8278
13 54 4298
25 77 5847
12 21 3278
14 43 3273
51 71 690
50 72 8700
33 38 2917
42 46 8147
13 79 4173
17 39 2799
5 46 4007
8 58 4816
19 79 3283
10 42 7579
14 76 9339
3 53 3705
6 77 1607
60 71 5237
14 68 3282
42 59 6547
17 32 778
9 51 9121
72 78 1658
49 67 5263
27 76 1064
25 58 158
54 56 6893
44 79 5498
14 49 4023
10 67 3655
36 46 6481
14 62 1597
28 73 445
26 50 8610
17 68 6551
62 70 5340
51 59 5882
33 62 3107
18 19 7678
45 64 9512
36 65 9320
25 52 2040
26 76 3647
41 62 7198
31 80 7136
62 79 924
24 27 2289
41 51 1624
2 65 1429
16 48 3287
27 57 7301
25 80 1722
15 19 2393
28 46 2890
34 58 8568
2 25 3780
72 80 9525
40 53 6325
15 36 9190
13 17 3284
7 40 7059
43 46 3651
47 50 9747
31 39 6051
22 29 6807
16 56 8330
13 59 4994
74 76 8662
45 58 2175
28 47 3070
63 77 1009
5 38 2476
7 59 8360
37 75 6029
62 77 4761
52 70 3556
2 21 314
1 24 6146
41 44 928
14 30 9735
17 36 1529
33 67 84
69 78 9881
36 41 8952
55 56 1493
23 53 3830
25 65 768
55 58 3673
32 50 745
69 74 6983
8 63 2385
6 68 6566
19 62 141
12 13 626
31 73 6992
12 72 5658
12 37 2181
50 67 29
27 31 2992
56 76 744
44 64 1010
24 78 3260
36 75 6094
4 25 8033
2 71 4303
18 68 157
17 28 4869
17 53 2834
14 66 7395
15 75 9355
59 60 6042
41 76 4933
59 69 8051
14 77 2461
8 78 607
26 37 3085
9 69 1327
35 45 9494
11 55 3250
1 20 8813
10 34 6146
49 79 4869
45 62 269
24 42 1632
35 73 5188
30 59 2501
6 51 6342
27 62 192
57 62 58
5 30 2348
24 71 1934
18 67 9313
7 61 1907
12 76 8574
71 80 8661
18 40 6325
3 59 8235
19 54 41
15 59 8498
67 72 3128
30 52 7641
68 77 5816
32 62 3101
22 78 3267
54 57 6291
5 18 866
6 37 9287
11 57 8123
11 39 8758
21 33 1050
49 69 157
8 29 81
65 75 8625
17 19 6335
26 51 4715
32 56 2849
20 69 7737
1 74 1884
10 47 614
47 77 7510
21 68 2004
58 79 2007
2 68 3439
3 75 4643
27 58 4609
61 64 916
24 65 4661
43 51 1113
2 62 1468
10 77 7232
13 63 401
24 50 6149
13 64 2861
22 41 8873
31 68 5657
18 54 4401
25 32 5160
29 59 4899
33 80 3808
19 40 7216
43 75 4268
31 45 7746
22 70 2643
6 45 3045
30 40 229
56 59 6885
13 56 7819
19 34 3739
2 27 5868
15 78 3926
6 24 9631
35 48 3547
27 45 9813
4 45 413
5 40 1665
29 72 620
8 12 5870
25 50 2413
9 33 2591
1 15 8700
10 53 3396
6 9 116
11 48 4482
31 49 7226
17 21 4015
48 68 6557
39 74 880
31 63 1614
21 66 2723
29 70 6703
13 58 139
32 40 525
51 54 7487
17 42 7981
20 67 2082
46 61 2424
7 73 7696
21 32 102
58 62 4221
20 63 6972
14 18 3421
2 80 7397
6 63 7907
14 24 3393
15 37 2282
16 42 2592
64 67 998
55 67 1357
4 33 7128
46 58 3274
29 39 5635
42 68 6688
37 72 1489
2 76 4083
3 30 7188
44 76 9767
60 68 143
17 41 4981
54 72 5088
8 49 1803
41 65 5123
2 17 8647
8 11 8936
3 40 3970
35 60 1664
32 46 3772
6 50 7930
1 48 1019
56 70 304
36 58 3187
2 29 3248
34 79 7764
33 74 1243
21 71 1287
6 16 8032
21 30 1286
8 54 2902
36 63 1646
67 76 8363
8 61 3509
19 78 7904
60 67 2859
57 70 5056
20 52 4147
58 69 2372
18 64 3678
47 54 4121
24 34 7404
74 80 6044
16 24 8337
42 74 3754
40 48 5480
19 32 2122
1 80 5643
35 51 4471
46 60 1550
33 44 8127
52 77 1823
45 60 3261
32 45 782
12 29 2022
29 43 8028
26 68 2309
5 52 1557
18 66 4872
72 79 7132
9 49 7287
42 57 5083
22 65 8775
20 62 5368
51 52 4307
47 59 2886
51 74 7941
47 73 3072
60 69 1272
8 13 4838
1 9 1821
9 59 1525
20 41 31
39 54 1848
5 47 7991
58 61 6577
11 20 9358
13 40 3381
8 64 8166
63 73 7291
73 77 167
39 53 9811
14 19 8427
2 8 1382
28 74 5833
5 25 1745
1 30 434
30 63 129
1 2 2428
50 80 6333
24 52 8994
23 62 5622
37 46 6568
54 70 6256
24 35 623
14 69 9629
29 65 9596
36 62 3374
49 78 9529
18 69 6040
12 70 2777
31 38 6136
23 58 3692
4 80 471
32 76 3286
41 74 2892
9 53 6944
45 78 1124
8 28 140
21 22 7714
70 77 5784
33 69 6806
4 32 1994
22 28 5519
47 66 1125
5 39 5312
60 75 1487
22 80 8627
1 8 1203
27 79 7537
36 56 3781
14 25 4765
48 73 5305
72 76 5523
33 75 9314
26 30 9892
4 37 8315
12 15 9454
7 69 2007
21 67 3550
20 45 3034
75 79 1973
31 64 8292
2 36 4571
61 65 2064
46 66 5909
18 52 5872
17 77 5016
47 56 3014
17 23 9163
21 74 2419
20 65 6446
33 77 1120
60 79 9949
50 62 5070
4 74 4594
10 52 9469
18 49 6702
24 25 4143
22 33 9766
2 61 9146
26 53 2989
57 65 5695
11 33 7605
33 39 1263
11 76 5828
36 47 4726
45 65 4696
4 43 9806
26 75 7947
6 10 4004
19 39 69
40 72 4585
22 50 4693
31 51 8008
28 57 9213
5 23 6954
22 42 2383
9 28 7851
30 73 779
67 75 8858
53 65 4886
15 71 596
34 47 4554
13 73 5005
11 46 8240
29 49 4739
43 69 4430
14 55 5859
25 30 5648
31 74 7944
2 66 6040
12 16 8231
10 50 8373
26 74 5580
29 51 4756
31 44 2402
27 66 8073
48 61 3476
75 77 4060
47 72 6662
29 31 7364
44 59 6131
32 53 4277
1 75 7317
4 54 7176
1 39 3414
3 8 9358
8 10 5210
21 40 8053
28 36 3976
32 78 7431
7 53 2892
15 44 7173
30 35 3759
3 74 7238
18 24 817
49 76 4671
22 24 7819
10 72 8177
46 57 775
62 67 6934
28 32 4043
38 76 3017
16 63 506
73 75 3656
12 64 4458
27 71 4203
53 71 6803
17 62 7410
27 39 6460
12 68 8384
12 78 677
37 78 4649
9 60 9155
20 80 60
10 33 3520
2 56 6016
25 56 3007
37 69 2384
9 54 687
20 46 231
14 15 2615
9 50 4762
17 27 5004
15 35 8519
2 35 9075
17 38 7777
66 68 6618
16 64 3529
34 44 1348
45 68 2604
37 59 8312
27 60 4495
1 68 4888
32 66 955
10 73 7170
5 28 2424
22 23 2505
56 80 4154
37 70 8305
4 28 3678
75 78 8189
2 77 3827
76 78 648
9 76 3753
50 58 853
33 63 459
10 26 168
48 77 6955
10 24 8896
7 52 4817
13 36 6395
20 42 4308
36 55 1288
20 68 1717
41 43 842
35 38 574
4 24 2865
7 14 3069
14 39 8552
39 45 575
66 71 5983
11 42 7023
18 44 1719
39 47 348
5 80 3327
44 45 7116
23 46 3041
29 38 2947
7 15 3515
9 52 4289
34 55 7758
11 60 4798
45 50 6792
35 44 9094
46 68 5602
46 75 8853
53 58 9225
35 67 2129
56 71 2317
13 50 2746
60 77 3420
15 80 195
55 80 8956
17 40 4829
22 44 4522
11 62 1927
16 78 3061
3 23 7528
14 42 601
1 42 3624
40 75 6381
4 44 6257
23 26 460
11 69 969
53 54 7860
48 57 125
18 27 9039
13 61 3453
9 68 2085
22 56 6042
48 56 430
69 72 5583
1 4 696
38 61 7842
31 52 4013
2 15 6505
18 61 1569
17 76 6669
3 18 9279
24 41 1952
58 64 3105
28 49 7437
24 59 6993
20 49 8883
8 38 8611
25 29 9953
2 28 2606
5 36 1569
31 71 9006
64 66 3797
17 22 4763
20 70 4643
62 71 4551
21 64 175
53 63 2666
19 64 988
30 65 7214
1 35 8610
11 78 8714
6 19 5534
37 49 6350
50 71 1676
7 34 4275
36 68 6021
18 32 6272
22 30 7961
51 60 5212
5 67 3068
4 58 343
12 57 8608
5 76 1782
38 56 8278
12 39 4818
54 80 2083
3 41 8112
27 48 1652
6 25 287
7 70 2530
41 46 3908
21 31 5971
70 71 5173
55 62 1879
9 34 3591
28 75 9405
28 72 1127
23 39 8
35 75 9643
22 67 9382
27 78 4950
41 68 4202
30 66 2654
11 65 2542
4 67 7038
2 33 4507
7 38 5225
59 80 2739
43 45 7253
17 54 4997
46 50 9364
44 69 3870
30 53 721
12 44 9695
32 72 4511
6 28 9684
68 72 9969
19 27 6894
15 76 4425
36 76 6100
16 71 5922
26 49 6878
1 72 9339
28 59 4077
30 46 5065
60 62 2348
39 52 3404
25 34 9271
10 60 6717
2 70 8126
25 70 6509
5 56 999
7 80 3244
50 64 4454
46 76 1387
8 15 2814
8 34 8963
2 44 6197
68 75 7074
16 65 2025
39 56 5561
6 33 6868
1 11 5670
39 43 7616
23 52 1730
15 45 3035
61 73 5466
32 60 8361
30 49 2542
7 39 5692
33 79 2732
35 70 1300
60 70 3210
50 77 4150
42 51 5573
16 36 3983
26 33 3484
3 48 6005
37 79 4139
8 71 1361
4 38 6616
15 18 3902
23 63 7536
11 79 8769
12 77 4496
13 44 9462
35 56 7987
9 30 2766
40 79 558
5 16 4170
13 37 2764
4 65 8247
10 19 5658
22 39 5111
21 47 4802
21 73 2162
2 26 4936
25 49 881
13 78 9655
31 42 4583
42 48 1209
10 64 6989
18 47 7912
9 38 1012
26 79 2391
8 40 1434
13 67 7360
23 57 7400
63 72 2236
43 80 657
1 43 3812
45 51 8731
36 52 5274
65 70 6939
16 70 614
31 66 1378
71 78 9185
14 38 9546
47 76 4676
20 64 2430
7 41 9406
13 77 7324
38 70 3320
19 25 4924
15 27 7769
10 25 5949
18 26 3192
28 69 3444
57 72 1061
39 60 180
16 62 7845
3 54 7772
31 79 9329
55 65 1843
29 77 9534
16 41 2612
7 24 2859
25 62 505
21 69 1997
61 80 9657
34 45 6745
10 61 4338
20 55 5126
28 44 5733
72 77 5217
2 16 451
42 65 7245
11 64 59
37 48 6945
1 77 7569
11 59 1759
6 13 2062
30 75 6709
39 69 5849
25 59 8918
26 72 4729
16 74 3590
37 71 8151
39 50 9815
3 38 3157
15 74 4438
10 39 4882
17 67 3349
18 55 969
25 31 7271
26 60 460
38 72 9710
6 31 7091
37 51 2084
9 13 3364
18 31 1467
11 24 9698
48 58 7125
41 64 8694
51 80 9938
5 62 4798
50 56 2589
29 56 1272
10 46 8086
36 74 4124
43 67 5486
23 50 6620
3 32 9764
13 52 4461
52 74 1745
38 39 1411
61 74 3349
8 42 8413
12 67 576
7 71 5174
60 73 7264
10 40 3399
34 59 4094
4 55 9164
14 56 3095
22 48 6365
37 38 5627
49 63 6665
48 55 776
37 52 4594
49 65 6691
34 60 3483
33 53 2443
15 49 83
5 60 7102
6 54 2382
67 79 7112
3 58 5367
17 55 7152
17 31 4312
12 58 1873
14 75 7573
11 34 1672
13 62 1259
19 41 6226
31 50 6044
16 35 4019
17 75 5895
42 67 4022
36 49 346
11 13 8728
15 29 8551
30 39 2819
1 66 3096
29 33 1595
39 58 9746
43 61 8699
29 60 5306
10 51 3069
7 37 8970
68 79 2075
62 63 8881
29 37 7992
31 58 94
41 66 8605
1 60 3595
11 45 2949
48 51 890
44 71 1272
30 47 8176
21 61 8888
17 47 3635
60 65 7565
36 78 8021
38 63 7057
61 77 2878
34 54 3370
59 71 2379
58 59 43
56 64 9272
16 52 7497
17 37 9582
48 53 7198
73 78 4509
40 66 7376
34 37 3720
1 47 7663
18 79 2499
48 78 4320
35 68 606
7 23 1884
37 54 3966
24 48 3176
15 38 7328
25 42 4307
3 60 3901
73 76 8321
1 51 4491
1 54 6698
15 73 105
30 58 9586
30 33 968
34 74 4790
10 65 7995
2 12 5595
17 58 2237
18 28 199
18 41 3268
30 54 2572
68 78 8185
33 55 6552
1 31 5124
10 20 3950
51 67 3258
15 22 3218
20 29 1814
20 54 4374
25 51 4825
8 67 2167
8 73 3521
5 17 3271
3 55 1914
8 27 3513
13 25 791
57 59 1727
53 64 926
1 13 9715
32 35 1367
24 69 3575
14 64 7251
42 53 7389
27 40 7212
8 53 2837
39 59 1713
14 35 1002
19 69 8686
37 68 6619
8 56 5069
11 15 4347
4 23 5518
15 50 3288
22 58 727
24 54 8363
29 53 1724
14 31 1636
7 11 2126
10 58 4243
19 60 8387
5 22 7478
27 46 649
28 65 8598
29 47 378
4 68 9088
2 34 349
47 67 3012
11 58 4339
8 33 8991
11 54 9820
15 57 9769
13 74 2573
1 57 9966
35 64 4434
16 37 8749
29 34 6403
12 30 962
5 24 9849
15 62 3891
39 76 621
4 19 445
4 64 9444
64 79 6365
29 50 5260
2 45 8589
14 22 7493
3 70 8372
35 54 5424
10 80 4572
9 58 6089
49 60 274
29 62 1300
16 72 8432
55 68 9049
41 58 8522
6 32 5326
34 66 1243
11 29 7257
61 63 9053
18 48 7586
51 72 5386
17 70 2234
64 69 5781
39 49 4607
32 34 2247
5 57 3290
50 60 8123
32 59 2094
4 47 8585
22 34 6113
8 16 5763
65 78 8935
31 78 9425
39 55 4051
7 64 6732
17 79 1742
23 34 6237
20 60 8515
14 23 9699
12 40 656
66 73 7174
34 75 8668
71 74 463
1 6 6777
10 55 2596
7 49 1496
21 72 2661
19 63 9775
6 18 6039
30 37 6524
1 23 9459
30 32 1590
22 43 4942
19 37 5544
4 26 1606
49 66 316
6 75 8786
48 75 3609
25 76 935
57 60 6780
13 57 1801
1 56 3784
23 36 5752
44 63 1310
13 23 5062
40 43 122
16 18 617
7 72 4435
68 74 997
9 44 8512
42 54 8007
64 76 6539
21 24 6226
4 70 6999
56 65 7578
28 30 3585
6 67 17
77 78 3080
35 79 884
12 49 3211
3 45 5717
31 75 1191
6 22 4599
5 66 6557
41 69 844
16 28 6277
1 7 254
27 50 5093
9 39 6030
34 78 5408
14 63 7296
26 80 6574
19 55 8004
18 39 4223
14 36 4466
57 61 3504
11 40 8013
46 54 6969
36 72 196
6 39 4284
24 73 8936
13 24 286
7 10 3650
46 55 1346
59 61 4447
17 51 1834
21 29 2466
12 46 9645
22 71 2216
13 45 2503
13 15 1146
28 51 9811
73 74 8277
23 77 8985
6 43 601
59 67 1848
47 71 8819
43 52 4578
2 20 8347
1 45 3482
30 79 5117
62 64 174
54 76 5400
4 59 1204
14 80 1592
39 67 3478
69 80 7203
16 68 7038
14 26 8086
34 73 4128
4 17 3405
6 74 3529
2 52 2053
62 66 251
53 68 5057
25 61 357
46 51 319
32 64 8612
4 40 1736
17 48 2029
70 73 7545
31 43 3158
39 71 549
8 35 1831
12 43 9799
22 76 4644
59 75 601
33 59 439
44 53 9284
64 65 3135
13 33 1662
26 71 3643
28 53 9725
57 58 5157
8 66 2589
66 69 4014
37 64 6117
33 47 1213
54 78 2873
10 11 5975
38 42 2096
1 78 3678
37 61 9651
9 74 346
39 40 8107
8 14 5047
17 64 4279
45 52 4612
32 55 9327
5 14 9783
20 23 9004
69 75 1424
45 48 5828
44 61 980
46 67 887
4 20 9607
28 52 4442
19 68 3126
25 41 2422
49 72 3385
65 76 6272
66 72 396
18 56 9590
17 59 2887
5 19 9295
42 73 1219
19 66 5359
38 80 8571
3 9 4285
40 76 6244
11 16 4005
54 74 7997
10 17 7084
13 39 6852
23 45 9640
17 44 4206
56 58 8475
17 45 7252
62 69 2515
33 41 7694
18 74 7186
38 46 3553
26 35 1502
40 62 7672
12 62 1576
19 35 1059
15 24 5421
15 56 3698
10 78 1055
15 33 7472
41 54 1969
44 50 6432
24 33 2964
35 71 1816
9 77 9604
19 65 6608
61 75 274
17 46 1768
68 80 7216
31 59 5453
28 60 6878
62 75 5466
5 45 7815
3 10 9934
8 76 3706
56 60 4034
16 27 10
43 64 7126
51 62 1540
45 54 6272
7 62 4580
7 42 2340
30 78 2151
50 68 674
44 66 1149
16 34 7619
13 20 2918
24 56 7633
55 71 7642
6 27 1673
36 61 2102
26 44 9873
6 30 4298
4 15 3402
67 78 5091
42 70 7540
54 66 8329
53 67 4883
20 74 2727
22 52 438
60 64 7422
7 27 4386
4 11 9369
24 72 3856
51 64 8526
33 51 6699
13 49 698
12 56 3687
21 63 4233
9 40 4738
44 46 6984
31 36 8524
14 48 4443
21 34 4902
46 79 7165
35 40 1052
36 73 9018
47 80 3873
1 64 6062
32 75 3023
13 51 188
6 49 2396
15 28 3663
70 78 603
28 50 3616
3 49 1735
51 61 4139
57 64 5792
55 57 7074
11 67 339
2 39 6942
51 78 7867
6 40 3322
9 56 9786
40 65 5310
29 40 2150
26 56 5052
21 48 3427
27 65 1483
8 44 8964
20 26 1719
16 43 1826
15 61 5957
54 64 4040
24 29 4151
11 26 5347
19 42 8789
20 38 2669
58 66 3189
3 4 2660
53 57 7440
19 36 9773
49 55 8245
43 56 666
22 47 5433
64 68 9084
5 63 6677
19 80 8025
17 33 7533
45 46 5020
54 73 4162
14 71 287
23 48 1287
10 45 456
62 72 340
32 61 3079
40 52 1868
8 72 8091
13 29 991
15 48 2264
32 49 7567
39 64 5561
11 63 2098
33 76 6789
72 75 5372
1 12 7539
54 68 4906
23 40 2797
20 57 7198
9 61 2662
13 68 6430
6 36 1674
26 28 6027
37 50 1898
49 52 1682
20 79 7044
23 69 725
39 46 3893
44 67 455
4 69 3550
12 79 3993
23 30 5143
11 77 3671
63 75 5654
44 56 6674
22 63 6077
29 54 3051
45 73 6983
39 73 5365
9 14 8577
15 16 6951
15 26 40
56 66 4068
1 14 3862
11 12 4155
21 70 7180
9 23 3613
6 26 7358
22 75 1522
55 63 4450
9 11 650
54 65 2855
13 38 6196
44 68 980
20 75 4416
63 64 3639
31 67 3990
10 28 4634
29 61 2003
38 47 1685
60 63 7
31 65 1063
8 62 319
2 38 1842
39 48 1154
30 68 5449
4 22 9774
30 56 3898
28 40 721
29 63 155
40 74 5735
29 64 5190
22 31 8230
35 65 2740
9 36 5258
48 72 7867
61 71 9218
7 48 3095
17 60 4823
7 65 4377
24 63 2432
33 73 2195
42 79 2087
5 13 2079
30 60 2489
52 58 5506
44 73 5423
10 13 8388
47 61 6735
32 80 5692
16 57 9810
29 76 8270
32 33 8468
8 57 9076
1 16 5854
37 41 8877
38 52 2387
6 71 3368
40 56 9804
26 66 4558
64 70 5156
40 68 7010
12 27 2066
5 35 6522
30 38 9274
16 31 4428
3 15 9027
74 79 9655
42 75 3302
13 22 4854
29 79 5691
11 68 5236
13 71 756
4 66 5999
17 52 2534
55 64 9391
17 78 8922
6 58 2548
22 55 3336
31 48 6545
22 74 6174
29 75 1626
53 78 4916
31 61 3070
63 68 3664
38 71 4180
10 32 4631
39 70 2551
33 60 2298
48 64 6722
49 50 9596
36 54 8922
47 64 7317
25 54 4510
21 54 5992
1 76 6927
4 76 7076
24 39 7247
35 50 6877
27 80 459
22 61 504
42 69 5320
55 61 7593
40 69 8047
26 57 6621
23 60 9448
4 61 2166
22 25 1927
4 39 3802
19 61 5337
3 78 3738
10 71 4269
3 64 6643
30 76 1923
47 79 5095
33 35 9126
40 55 7033
8 30 1048
65 71 5370
24 66 466
21 80 8358
11 73 5368
26 40 6669
51 69 5934
52 68 1779
52 66 9837
22 77 9367
29 41 7763
37 66 3316
12 66 3566
3 6 5001
7 68 663
54 77 8536
28 66 2046
35 52 4449
6 72 6681
5 44 380
3 52 812
76 77 313
9 67 439
8 20 3512
9 73 7330
50 61 3687
13 28 4729
39 61 1630
24 79 760
42 50 2812
30 36 3093
11 71 3632
10 59 4576
18 72 3799
7 75 1692
9 10 7192
44 52 3850
66 79 6625
25 44 3690
12 23 6735
13 16 1648
28 55 6592
19 26 5079
3 39 3289
5 54 3833
70 80 6599
12 17 4266
7 18 5334
62 80 6200
50 63 403
37 53 7555
10 38 465
30 41 5372
26 32 4381
4 77 366
46 47 3587
9 79 5599
36 79 460
43 50 1317
61 70 2702
38 53 4857
14 60 4146
33 68 6317
38 64 6596
8 79 6668
38 40 333
15 58 9990
29 57 4576
24 75 1400
14 51 8678
7 76 3901
39 62 5065
42 80 9895
21 50 6755
75 76 4075
23 66 373
29 66 2112
23 65 5094
33 64 3349
52 64 5842
33 71 7029
16 44 7678
66 80 6237
55 79 4460
27 34 9703
28 31 5395
5 10 4157
46 49 7644
62 74 5295
28 58 4956
25 67 5505
8 41 580
23 68 5621
8 46 8795
12 65 2684
13 32 9286
18 25 9452
44 60 9005
29 46 2735
2 7 4365
23 51 4257
28 77 1197
27 44 6360
1 32 2193
8 80 6001
12 75 2560
26 59 6959
6 23 8166
14 52 1618
14 46 6456
30 67 9144
5 41 4155
19 24 2935
48 79 1043
12 33 1910
22 26 3564
34 72 1854
58 80 9067
15 25 20
46 80 3986
7 51 6260
10 49 613
1 59 6844
1 58 672
14 32 2542
11 75 69
46 64 771
43 72 7607
32 74 3135
40 67 7463
3 35 921
9 47 9569
57 79 3351
41 75 1701
64 74 11
27 68 2695
7 21 7151
10 21 9254
26 39 6162
3 63 7276
2 48 3648
34 69 2411
35 36 7571
16 55 4594
25 27 1468
8 23 1025
41 73 2911
65 66 7059
44 75 9026
8 43 8116
6 60 3171
16 53 8999
56 61 876
36 45 1097
18 62 9576
18 21 5394
13 65 9794
57 69 5969
9 29 2769
23 38 1076
13 27 1542
24 47 2506
30 80 4690
13 76 2346
9 43 8759
1 49 4719
47 51 4021
3 44 5834
16 47 7537
73 79 7846
16 45 3269
47 78 8537
69 73 8650
42 64 6159
66 76 1558
49 80 2950
57 75 8261
39 63 6234
57 63 5656
31 41 4446
32 44 8640
11 21 6559
64 78 3514
3 57 2681
49 59 1752
12 73 3685
31 47 1554
4 8 7385
19 52 8561
40 54 7038
9 22 3416
31 37 3904
5 55 2113
28 80 9016
19 73 7803
18 45 8473
8 51 7572
30 48 540
7 29 3496
19 21 7883
16 39 1575
41 55 6352
13 66 6872
64 80 5323
33 45 688
55 70 5590
2 31 8720
42 66 9705
58 74 2561
8 69 7820
58 68 1249
41 42 2240
13 34 5131
5 42 4348
31 77 104
11 14 9721
7 8 4039
32 69 2668
2 41 4253
4 7 7366
69 76 1325
9 20 2974
14 27 7670
3 21 3913
45 67 2511
19 22 1023
5 65 7635
26 27 733
26 78 2637
37 60 1993
30 57 4834
20 43 874
36 60 6224
5 43 1939
63 65 5786
44 78 5699
28 42 8513
38 62 7742
51 70 5826
12 74 5561
18 59 3842
26 69 7160
2 30 7801
14 65 1640
12 22 7617
52 65 2731
6 21 78
32 58 2886
38 65 7578
26 65 8093
21 39 7224
3 77 9673
47 62 2036
14 16 2623
21 41 8572
1 36 7008
9 16 7409
50 74 1712
2 3 5180
29 55 8743
11 35 9345
56 68 6601
39 41 6980
12 71 8310
37 62 7598
6 66 2000
4 62 6909
37 76 5809
4 30 7886
3 61 7736
20 56 7724
24 76 7159
5 32 3046
2 10 9246
2 19 4722
7 33 2997
6 48 8835
25 78 4427
12 34 8651
36 39 3026
41 79 4754
24 60 8087
44 55 5778
58 73 2258
39 77 9335
66 77 2914
4 18 8313
71 79 8245
77 80 631
43 66 2346
62 76 5044
23 70 3592
3 22 2241
8 77 4426
5 70 2493
51 63 3921
3 79 6494
11 17 5399
17 56 1823
44 80 5412
8 18 4791
3 7 9844
21 52 2877
51 77 2435
3 17 6878
38 67 1613
1 19 2890
55 60 4744
21 79 9601
14 17 3453
27 35 1265
4 48 6747
21 62 8172
5 6 4395
58 77 1164
35 63 3296
55 77 5478
46 72 9926
14 78 2703
9 26 6296
25 53 5153
9 31 7807
22 57 6524
12 35 9981
9 41 5021
10 57 221
29 36 3086
49 57 585
20 30 723
59 70 5688
35 42 9120
9 32 4494
29 58 3292
46 73 1953
12 50 4438
9 71 1868
34 52 121
27 72 7558
16 29 7873
25 37 8928
35 78 955
67 70 9761
48 80 1438
3 43 6594
1 10 2987
39 42 2376
3 20 5925
11 31 2436
17 25 1873
38 49 8893
74 75 5628
1 55 8984
49 71 2031
11 22 2125
54 79 1459
50 78 8377
78 80 9460
1 79 2354
25 35 4087
16 22 3726
28 78 8316
40 78 1107
4 41 7618
27 75 45
22 72 6604
26 64 5568
1 44 8103
4 75 4020
42 47 5641
67 73 1849
10 66 4393
15 77 2287
11 47 944
18 22 9063
21 75 771
27 59 6406
43 73 3501
4 36 6544
2 11 5151
70 76 9550
56 74 3543
64 77 7589
43 71 129
61 72 2214
66 78 2544
21 65 4020
41 59 842
2 23 6250
54 71 951
50 51 2809
40 46 9976
20 22 3458
31 72 9848
11 41 2439
4 71 4211
13 14 3745
29 71 488
21 55 1345
45 66 9792
18 70 3209
2 50 5452
24 37 9478
7 35 9712
34 46 4099
33 58 2305
28 62 686
38 55 5552
15 66 2569
59 62 7635
9 12 5025
1 73 2008
49 68 8126
34 39 8057
8 21 4015
56 78 3934
16 61 6578
19 57 517
16 23 3686
20 48 354
6 80 225
67 74 9574
10 76 1649
28 34 7777
41 50 2435
4 13 6120
12 61 9621
40 64 4948
57 80 5356
22 49 6464
21 42 3556
9 18 2433
18 75 763
7 58 6259
61 67 9052
4 52 1319
20 50 2797
51 57 6926
34 61 968
56 69 1220
45 49 617
61 66 7997
2 78 9564
52 59 9889
36 69 5267
18 77 8743
12 69 8714
50 66 7314
24 46 9676
19 28 7854
12 53 7073
29 42 3752
17 49 6078
33 50 7953
27 70 9163
21 53 273
59 66 9074
7 54 475
27 42 6205
39 57 3957
61 68 3788
29 68 8596
7 44 4553
64 72 3641
26 41 7164
58 78 7309
60 61 7261
48 52 4782
12 54 1501
40 77 4775
21 56 7539
47 74 224
21 37 4167
7 13 9739
63 78 5520
54 63 265
18 50 6158
51 58 5936
43 74 1384
50 57 9694
44 49 403
27 56 6682
44 74 8214
24 32 7343
20 44 7665
10 22 3399
6 34 3719
33 72 1721
42 62 7727
31 33 5411
39 80 430
15 31 54
20 72 2642
27 38 9027
31 54 1375
35 66 185
52 67 2042
9 37 7004
58 70 5479
23 55 9284
31 40 5874
46 78 4971
1 26 5039
7 60 772
28 76 5987
5 58 1628
32 37 7407
2 55 2690
6 44 6207
26 34 197
39 72 6407
6 15 4114
54 67 9128
47 49 2746
26 46 4757
37 39 7653
55 76 3529
2 69 6842
13 41 6228
2 59 2137
46 71 9578
53 60 7038
28 41 2009
26 54 134
22 68 2526
50 75 126
20 33 4679
18 53 6913
46 70 3110
47 57 7358
8 48 3162
23 75 2090
12 28 733
57 66 9179
27 61 1726
27 29 2544
33 57 3532
6 11 8193
9 27 3351
16 50 6938
21 36 3366
35 62 4630
56 63 5176
65 68 2766
47 69 907
45 55 4334
50 73 7966
48 66 4827
55 69 4759
36 48 2824
34 43 7828
19 20 4081
70 75 7282
7 56 621
30 44 7486
29 32 246
10 63 3199
6 65 2341
38 41 3201
14 40 7824
63 69 8304
36 51 9540
4 72 3384
42 43 6224
23 79 4510
41 80 4823
5 71 6078
54 55 2051
20 28 5731
21 49 9898
2 22 9561
11 61 5330
68 76 9202
21 78 1491
52 53 3770
18 20 1457
12 48 9948
20 47 4422
23 33 8256
74 78 2625
25 28 1595
22 62 3969
39 66 8805
4 49 3728
4 42 8184
43 60 9504
53 66 9341
19 74 54
43 59 4647
8 68 4200
41 45 4828
74 77 5000
18 78 7031
2 6 8333
4 14 8367
17 63 6182
32 65 4789
20 73 6334
45 79 9120
36 50 6207
40 41 2808
23 32 2966
21 76 2468
18 60 4874
32 71 5508
26 29 2188
58 67 7422
2 42 4076
15 21 8538
19 71 9602
22 59 9660
21 77 8423
19 67 4500
6 70 3127
2 73 6455
3 65 1943
9 25 3244
1 28 1718
1 46 278
23 37 7301
23 44 3860
68 71 4454
19 44 1065
17 72 5207
8 55 4460
20 71 6603
6 7 9488
8 39 1148
40 80 8305
15 67 2834
15 60 5491
6 59 7681
21 43 7531
40 73 1703
6 47 1050
14 45 9585
58 65 5548
37 67 6208
34 40 4981
17 50 9199
51 68 8118
37 43 81
63 79 9826
17 69 3212
66 75 5412
50 65 152
57 67 2764
10 12 2134
67 68 2573
3 47 7840
8 32 2152
42 52 4421
22 27 2518
2 53 4401
6 79 8104
53 56 3293
11 56 8303
37 73 1900
33 40 667
43 53 529
63 66 8804
15 72 7057
18 71 4521
44 57 8300
29 48 747
19 72 4027
16 76 3433
65 69 9240
17 74 3882
48 49 2192
8 31 2300
18 36 3482
24 49 8208
34 53 756
34 41 5554
40 58 1601
43 58 2025
57 71 661
17 20 8866
36 71 3468
27 47 8829
51 73 3134
19 38 3828
11 32 7460
4 50 5919
31 32 22
8 60 4681
60 66 7724
27 69 960
39 79 9857
19 56 6047
43 47 9670
25 55 5787
11 18 5356
31 70 9152
53 73 6895
8 75 3529
47 63 7010
62 68 5826
25 68 1695
3 11 2077
30 55 7932
4 27 2070
23 76 8268
5 29 3015
32 68 7995
46 62 1723
25 63 2886
11 53 3508
16 51 1742
17 43 3978
18 38 6587
17 29 4890
60 80 944
26 61 9930
32 54 546
15 17 7437
42 72 4312
14 59 3148
14 57 1650
71 75 7374
44 72 793
67 71 6781
37 42 4139
4 73 5769
10 68 7698
2 32 4873
28 61 6985
9 48 9493
43 49 5806
25 47 4660
32 73 2886
27 41 5318
16 38 3763
48 50 2913
16 59 1910
48 54 365
1 50 3925
13 70 7902
22 35 8907
67 77 4788
46 53 1778
57 76 6468
7 45 6817
26 47 1716
57 73 4837
7 46 7625
23 29 2497
19 33 5137
28 33 1557
61 78 6080
22 38 6304
21 23 2715
3 50 7574
54 62 9781
41 49 4191
49 54 5485
14 58 3205
35 39 1860
52 57 1243
8 19 1407
30 77 5789
17 71 8913
6 17 3436
3 80 9013
5 69 4711
4 21 3679
1 37 8520
39 44 624
49 77 4291
8 52 6203
4 31 6191
25 48 4410
34 56 5090
13 47 8320
35 47 4175
60 72 8349
25 74 9854
14 41 7699
4 10 207
7 19 699
63 67 7519
5 77 3062
18 43 6534
69 79 4693
31 69 2214
6 69 8967
38 66 2627
58 71 9750
13 53 4611
27 64 4976
17 57 420
18 65 1190
3 46 3808
12 25 6711
1 22 2050
3 67 1114
6 55 4950
2 43 6829
20 78 9218
32 70 4385
70 74 2917
14 37 7889
34 35 9347
29 52 7927
2 51 1758
30 74 5133
7 47 148
30 70 8515
49 70 6795
1 71 5622
27 37 4189
23 28 3882
5 49 8180
16 20 3901
24 30 803
42 44 4636
20 36 1418
36 70 7410
49 74 327
41 61 6997
24 64 2733
23 64 558
10 29 4422
28 35 8843
2 54 2471
40 51 4263
7 66 6584
36 67 8724
33 37 5664
24 44 8446
33 78 883
34 62 319
29 67 7243
11 44 4450
13 30 2135
28 79 2184
40 44 5478
3 28 1660
31 46 7522
36 64 5095
14 73 9004
56 73 4946
2 9 9643
3 66 3600
23 59 7604
68 71 5902
41 30 4098
20 17 6776
8 1 8395
21 9 8408
50 78 702
58 31 4988
14 75 2466
6 80 1144
14 26 2564
53 39 173
64 73 6332
52 76 3880
20 79 3308
20 11 7528
48 2 2489
46 13 286
7 34 7977
46 16 9534
41 39 4313
73 59 8433
33 75 1250
11 70 8289
69 63 8589
63 7 6244
30 8 8852
38 35 1792
48 37 9056
75 15 3631
80 77 6900
62 19 6881
10 50 4377
54 36 3341
13 44 7014
33 34 9202
80 41 9726
30 77 8218
57 9 4335
72 3 9776
8 39 2825
74 25 6616
70 10 7435
32 57 244
15 39 5306
80 70 6117
28 80 2895
77 18 8416
36 23 513
34 19 3598
57 7 5229
14 66 8606
33 43 8504
28 6 7970
7 63 4666
48 6 66
46 36 9491
31 77 3910
65 72 9440
20 68 3124
4 80 2792
26 6 7099
53 15 3235
64 67 4783
34 64 5485
61 62 2049
55 27 773
22 63 4745
50 13 6869
29 74 8842
25 70 1736
54 9 3168
10 39 488
55 56 1743
29 44 583
4 17 4248
18 50 2438
4 51 3410
23 68 1269
73 68 2375
73 17 2778
32 58 6696
4 49 9169
26 4 9500
39 31 4944
42 62 5332
76 7 4142
58 75 5044
1 17 5781
74 14 419
7 47 7814
64 14 9898
47 29 7617
54 51 5355
65 56 2856
9 66 9889
14 25 6502
3 59 1731
30 3 1031
75 48 2658
54 19 631
75 8 1
29 1 3982
8 54 9002
20 56 3075
68 4 5884
9 48 6890
56 34 3553
66 55 9481
11 24 2784
69 20 736
26 21 4311
73 78 6927
56 67 4257
24 43 9850
63 35 5379
74 38 6074
59 49 2808
62 6 8690
46 78 4264
47 28 6921
16 68 2489
20 76 8115
43 42 1179
35 4 1606
16 24 4351
2 60 3201
41 29 8632
36 31 3934
69 9 3819
75 67 5065
62 8 3892
20 12 7760
46 5 2362
53 34 5479
57 8 4305
36 80 358
39 1 7275
73 46 939
69 10 6179
64 22 6023
55 29 9148
41 21 6651
43 1 6934
8 5 7544
54 39 4536
4 55 7786
9 13 7092
5 38 4693
80 50 3274
74 63 5654
42 57 4052
64 52 1997
31 46 9392
11 20 7170
11 47 4602
24 3 3316
56 37 2819
53 64 6622
60 54 6488
30 55 1186
77 37 2940
67 22 848
49 19 7241
13 20 7910
80 59 4071
35 9 2771
46 70 5889
56 10 5271
30 80 7299
25 78 5200
7 66 7315
58 37 5837
59 21 5816
16 49 2816
53 46 8245
54 51 7276
44 80 5084
69 8 4253
55 29 1941
2 3 6372
25 50 8308
18 24 5164
62 29 4250
55 50 1371
62 79 7947
11 75 5852
23 34 9963
38 21 5158
21 59 4355
12 78 348
5 50 2576
75 37 8891
6 53 3806
78 44 4367
70 13 6857
1 78 2230
25 53 4395
76 61 1055
18 51 6866
73 53 5790
33 38 3600
8 11 9746
2 4 1763
59 76 7206
57 3 2156
77 10 3152
22 23 1272
41 7 4755
11 1 3097
36 5 7569
5 26 1430
55 12 192
36 49 4308
70 55 4135
67 77 9880
44 76 7860
72 66 2076
69 80 9904
19 62 9676
21 68 8784
54 42 8555
9 4 7033
33 34 5745
14 49 7272
44 34 2856
11 18 5026
78 25 4668
33 23 776
57 66 6616
37 9 8516
58 79 3647
27 48 5074
4 2 6376
53 11 1155
67 51 4200
18 20 2969
47 13 3675
52 30 1219
31 24 3882
23 45 8097
74 68 835
26 6 2269
58 14 8621
60 39 9089
41 70 3793
62 4 3664
16 15 1734
68 10 7406
37 50 1100
63 12 1687
42 73 6231
14 71 3608
67 73 4835
68 9 3309
8 15 308
48 35 305
39 4 9955
20 48 9505
19 47 3098
68 38 4866
22 10 8631
6 7 4890
46 50 4576
5 18 2877
30 14 5298
38 4 6922
1 5 7322
6 69 704
21 43 9406
77 69 4210
22 59 3249
55 29 8255
35 48 8113
47 3 4410
16 32 3604
72 77 3391
1 10 2804
17 5 3822
30 60 2941
58 3 5266
14 21 4419
34 5 5528
50 28 3155
24 55 7063
37 32 147
37 69 8625
34 17 2466
57 19 9758
63 20 9958
79 31 2613
26 6 524
51 69 1069
10 4 3104
22 46 7818
72 51 3725
63 21 5045
55 50 3335
21 64 8831
5 19 4866
80 6 1538
52 70 2524
64 40 9989
20 39 9511
2 78 2725
13 62 6524
27 36 9247
76 55 4738
35 70 4210
34 36 5
41 3 2586
53 60 2355
19 64 2793
9 35 8120
22 69 7900
36 80 8232
59 43 1206
18 24 5586
68 48 2028
22 64 9058
48 8 8407
45 57 1643
38 21 7286
30 56 4664
53 42 1202
12 72 5146
15 54 4987
14 60 7503
66 14 1203
7 53 3535
8 70 2955
23 22 3750
7 80 4615
34 5 3742
53 77 2627
16 51 1299
15 41 1259
48 69 3724
22 50 4629
9 29 1871
38 9 6834
70 13 2043
29 23 3515
12 39 4562
73 25 4041
16 21 1588
2 3 8314
24 11 286
64 13 5035
52 57 8713
73 2 918
77 4 3276
61 11 3428
72 28 7704
31 44 7978
69 43 3656
34 61 8935
52 31 3567
7 72 6454
9 35 6973
37 40 7071
38 31 2241
9 30 2869
15 4 3008
36 11 7095
57 48 1308
20 78 4548
68 57 5741
23 38 153
53 61 5752
23 20 9923
77 24 3124
56 15 5014
20 44 9263
52 8 3609
44 69 6481
68 53 3627
26 18 5359
16 23 570
69 70 5790
31 3 1103
34 57 6768
43 19 3368
78 21 8952
9 67 6397
72 52 293
35 43 7276
56 8 3907
19 72 3189
10 80 4085
72 42 3394
16 18 1071
65 9 1
13 9 1414
30 16 5366
68 38 391
62 46 9689
48 1 7614
4 18 2241
6 63 9533
1 44 4566
50 47 3641
56 66 3697
65 33 2568
18 16 6680
37 41 3385
56 14 3309
13 62 5224
74 13 5479
15 50 49
7 25 2757
36 73 4398
62 5 6586
52 35 4526
4 12 3658
66 11 7342
75 26 7754
37 58 1020
75 10 1425
15 24 4386
80 33 3668
54 4 1652
72 6 4887
28 15 3389
61 74 6657
34 42 5238
64 36 3669
15 52 9156
13 50 2199
79 13 7051
31 50 6081
30 15 6796
37 4 8524
17 50 6807
16 4 6040
28 1 4690
27 35 542
63 29 6432
47 66 3102
7 58 9167
38 57 4085
71 30 641
47 34 4930
29 76 7880
23 28 5604
18 77 8764
43 4 8883
1 14 9271
28 21 8946
23 5 6483
29 1 8195
1 65 6795
63 16 1932
1 66 8133
17 3 3454
53 36 4319
66 19 7655
15 27 4585
39 3 5290
39 6 1277
74 30 2439
47 30 8156
60 36 509
37 47 2288
12 38 7058
9 79 729
39 3 704
23 62 2252
75 1 1634
28 15 1805
34 58 5845
33 46 2190
64 77 6427
30 72 9839
9 58 839
23 35 3666
64 5 4165
31 2 903
35 59 3235
6 42 7299
63 47 9575
62 35 2034
41 58 2007
12 72 1499
79 37 5202
50 80 3865
73 47 115
7 14 3143
43 59 6555
3 70 1163
36 14 9845
52 28 2220
44 51 838
11 8 1778
18 60 4547
40 67 3486
74 47 6706
62 24 5268
5 31 6634
1 61 4123
34 26 9251
72 56 858
80 57 3908
75 30 5946
60 39 6194
41 77 2449
6 4 587
2 55 6566
57 53 8132
33 72 82
1 59 2319
11 30 5113
62 24 8204
60 3 2258
73 45 1113
33 15 1673
52 71 8929
77 13 937
80 33 2061
49 80 228
11 53 5423
11 54 4244
79 56 561
6 23 5948
18 49 8014
77 9 5211
3 70 1456
34 60 7969
39 45 4805
37 28 2401
68 80 669
18 30 6099
14 64 5676
63 72 4397
27 3 6391
31 6 6226
66 58 5700
39 9 5339
17 73 2273
5 77 4604
31 44 4006
12 37 4834
23 26 8318
36 30 7621
27 52 8126
71 76 9333
25 69 8654
57 58 739
40 10 7078
59 19 7673
17 12 1596
42 63 7410
27 29 8865
58 80 9226
76 65 723
68 56 5633
40 58 4654
12 53 1533
31 36 4819
69 51 7568
38 2 920
14 45 3108
7 40 4039
25 53 2953
60 26 2479
29 22 884
3 58 596
7 46 8815
45 16 5257
49 20 9671
66 32 5184
72 27 4699
57 65 7173
24 2 6049
59 1 6984
11 63 3119
62 29 6085
8 38 3443
33 56 9968
42 16 6913
34 53 25
18 59 3393
34 25 6312
26 66 7528
34 58 3787
8 78 3957
3 48 1154
6 39 676
8 22 926
78 36 529
46 45 117
58 1 7408
46 8 309
17 34 4039
6 50 3393
46 60 5160
5 17 1205
73 10 1527
16 70 3617
41 30 8697
35 16 5593
62 70 9531
49 65 5826
27 75 4063
62 9 1260
54 5 7287
23 36 1174
10 16 495
9 25 5014
9 4 7641
49 20 365
74 26 6251
66 67 7165
13 58 9917
31 72 9385
18 63 3449
70 68 4030
38 45 5213
46 55 6867
42 44 2568
14 38 8397
16 48 2136
26 78 6263
12 75 1880
37 3 4101
4 32 1466
19 67 3465
42 69 9056
29 20 9675
60 62 4138
32 38 6975
62 55 5341
33 60 6694
6 80 1031
69 60 77
20 21 795
74 56 3632
74 23 3026
68 12 2239
8 47 4997
49 51 586
12 48 3129
53 37 4457
62 6 11
72 26 6145
64 9 1017
55 21 5311
5 46 1720
39 20 3443
16 74 4177
50 74 6117
43 18 9073
8 15 2657
47 16 8438
2 54 2564
46 25 3532
34 26 3330
10 56 9289
5 36 1858
7 26 9782
38 22 5308
35 17 4362
48 13 5503
23 17 5059
13 27 5490
13 63 3931
3 9 9360
46 80 3267
44 12 7677
22 79 2036
65 53 3148
48 69 5080
13 57 9947
72 78 1066
15 25 5592
54 30 3850
62 24 7113
13 73 2846
72 71 8180
21 62 6102
71 19 6880
54 68 1847
69 50 7746
64 13 122
77 64 3425
73 58 4175
46 20 7739
14 1 6482
24 66 497
46 39 9661
79 77 5777
75 63 3391
52 2 5348
40 71 7900
44 51 5872
64 76 5450
61 10 83
78 37 6724
31 34 9970
69 32 2462
27 58 6626
21 6 278
74 23 170
9 18 2262
37 66 8996
72 67 7844
9 17 3929
26 47 5070
20 74 2012
1 69 618
37 64 7913
54 29 4988
57 12 1854
66 71 126
40 52 6067
53 60 1269
64 5 2200
38 11 437
32 67 900
11 49 173
68 26 2309
37 77 2506
54 14 1487
27 3 1039
32 25 8610
75 57 3839
27 49 1201
27 1 5778
10 37 8367
22 45 303
71 77 6086
59 25 8342
31 64 4037
65 62 346
1 70 5902
52 9 6354
62 6 1082
5 12 8142
44 60 623
16 67 7230
55 62 4724
73 36 9622
72 43 4153
14 2 720
31 64 1536
78 9 3877
68 17 5819
51 47 7256
74 6 7330
76 50 2720
20 52 5593
16 18 7866
70 3 3050
11 65 2078
6 64 6538
7 41 319
73 38 3435
65 24 6462
4 50 6258
75 42 3051
26 27 4874
63 76 3149
40 7 388
27 55 4494
48 38 6616
59 54 7573
67 66 1589
13 70 6586
13 63 7904
28 61 4165
28 32 5408
59 46 7144
23 29 8142
9 69 6548
8 60 7085
47 64 5129
28 3 806
62 54 9795
29 3 2177
30 59 6094
35 60 9872
68 28 9302
6 22 179
7 13 6743
2 71 7987
15 49 2801
54 49 5892
25 58 4556
19 32 7737
36 61 9459
13 62 8859
39 30 606
37 21 8156
17 24 2133
43 57 2163
12 2 1964
52 36 1538
75 21 5024
55 3 2581
28 64 3878
40 70 6862
55 62 9872
46 71 4741
80 55 4994
78 46 9618
8 63 7114
76 45 5469
65 13 3216
72 46 6246
28 20 7744
76 48 9099
31 7 2526
4 29 2153
38 50 1663
63 48 7340
73 41 6844
31 43 8937
57 54 9086
78 23 1525
12 29 7406
24 17 9332
11 14 1030
79 13 405
24 6 3412
68 58 8988
4 43 8416
56 60 667
38 2 6425
37 67 2445
73 19 898
54 17 2728
58 33 158
41 35 1422
44 72 743
29 71 9956
57 71 1749
35 73 1272
80 42 2627
77 5 3794
42 34 2685
59 8 4521
14 45 4018
9 49 1587
61 44 9314
6 52 7430
58 74 8564
7 44 5931
29 31 2609
53 73 6100
67 70 6858
53 76 1365
70 44 9917
15 17 8486
45 53 2814
17 56 4630
5 74 4675
46 35 9299
64 28 9589
23 22 484
66 46 494
9 59 6047
13 40 675
56 52 981
79 78 682
22 28 2358
52 2 387
63 26 8343
14 5 4697
46 23 6599
8 15 7828
19 11 7811
21 38 3944
77 57 5590
14 24 4739
11 63 7824
17 33 6048
38 15 5224
62 76 4661
32 40 2972
39 30 1757
73 43 2052
75 79 4596
22 60 3807
77 32 1312
71 53 6644
25 51 2876
21 8 5094
65 20 459
71 41 9965
51 44 6351
64 7 407
31 49 346
3 16 1983
29 76 6485
52 36 6738
18 2 2905
28 30 664
20 11 2541
38 21 118
43 70 9911
47 56 4615
20 40 5222
25 40 1783
35 42 7623
42 22 8178
13 11 9996
16 26 402
48 2 1450
77 60 8711
37 48 3154
70 59 7181
8 10 8861
2 55 852
60 53 6163
47 35 719
25 65 2227
44 9 2934
34 30 5912
12 50 6900
68 47 5795
79 54 4914
72 46 8649
2 26 5950
45 11 8927
19 10 214
8 21 1908
25 78 7595
51 45 5258
72 48 9662
6 56 5343
5 22 4025
47 53 5510
10 66 9862
35 52 8605
5 41 3114
31 25 4448
66 65 1763
53 33 2993
13 57 8840
63 76 3905
52 49 3911
23 5 9764
61 8 6108
15 44 6208
59 17 483
26 61 9681
32 39 3542
1 54 9916
61 24 8342
13 71 8461
39 75 1484
78 34 7601
9 4 8946
61 52 327
78 31 1748
1 36 5875
28 3 7781
46 59 3833
51 74 3781
15 10 3746
63 16 5489
60 13 2355
16 58 7660
52 47 2895
46 35 258
33 56 6206
54 2 2733
80 26 1198
9 38 894
5 14 230
12 22 9710
46 57 6688
29 13 650
24 19 1204
38 24 4580
74 32 4702
80 51 5153
64 73 3230
55 32 3353
32 48 1588
31 68 5828
34 61 1583
69 61 227
21 56 9763
41 14 1905
66 14 1685
80 30 5732
38 13 788
24 5 4100
43 34 3055
33 63 5953
66 58 109
51 27 111
13 23 4258
34 19 1795
72 54 8244
69 76 3322
73 43 7040
34 70 2336
31 57 8055
76 42 9049
62 59 5367
70 79 4169
73 29 9207
2 78 3216
17 12 9994
47 23 5520
6 37 8856
13 56 3048
14 27 9362
78 44 2144
58 47 4554
37 60 6367
16 54 5026
41 68 5627
78 74 115
9 13 3826
17 72 5740
27 50 2291
8 39 1252
33 23 3595
66 70 5975
61 9 4472
25 79 7320
34 13 9177
26 43 5757
24 3 4788
25 72 6988
4 38 9970
62 20 3606
54 1 7929
37 8 6754
36 40 4970
53 44 70
44 48 2454
20 54 739
10 65 2002
24 37 7478
73 47 7597
12 52 4535
56 10 6719
43 44 5285
28 50 133
38 62 1973
55 58 9920
62 57 9037
72 69 2830
3 79 714
3 12 4462
66 10 4213
55 18 4280
78 57 6876
1 79 1137
12 62 2521
64 17 8676
62 49 1820
4 48 2919
74 17 6811
25 2 4166
50 45 1053
67 26 8805
56 60 9240
11 27 7392
43 30 1847
73 72 1402
34 40 8410
25 17 4510
55 11 7114
43 48 5830
39 71 912
79 57 7121
50 20 3666
75 16 6847
17 50 2016
10 59 8318
61 50 7310
46 21 6494
70 32 5128
44 43 3075
59 16 2448
61 64 1244
77 44 3078
13 55 3645
64 59 6948
14 39 2271
17 4 6653
50 63 1227
72 73 577
49 11 8626
71 1 3332
61 23 7169
24 11 7136
11 62 8473
47 59 1934
40 46 4701
39 19 5647
3 35 6448
76 73 8891
66 44 1514
10 21 2772
78 35 5271
68 58 8193
6 44 342
18 78 5490
44 2 6703
53 38 3129
32 63 9556
69 61 3904
70 17 3086
34 11 9613
44 18 3871
4 45 161
50 4 6649
37 73 2549
73 25 2262
70 36 8993
37 60 1704
78 28 2522
10 71 8784
14 79 529
71 2 3702
3 65 4685
60 13 5845
77 29 3506
76 6 8650
73 48 7542
80 55 2755
16 34 3242
31 21 3980
6 50 737
23 64 3877
59 75 2092
16 43 4839
22 63 6920
18 51 1305
31 5 9337
55 50 656
74 36 4406
15 24 8799
9 70 8995
34 14 3446
78 18 849
50 5 3956
72 69 7099
31 62 527
21 38 4079
52 40 3745
35 2 3731
80 74 9398
13 32 4987
78 28 6329
61 44 394
77 34 3711
24 33 2774
17 79 1880
27 65 2523
52 66 3278
6 60 3001
24 22 1516
40 70 742
64 57 9958
21 62 8203
41 65 3926
69 27 433
42 74 7715
52 45 4049
78 13 6109
1 44 1019
80 14 9415
43 48 4631
23 12 1655
76 72 7318
25 32 2502
58 19 3154
13 23 3767
10 66 9250
52 6 6385
50 40 9378
5 79 309
58 73 9892
15 2 8215
29 58 1433
54 1 692
42 30 3229
1 29 3379
48 23 4800
71 51 5376
19 60 8911
34 25 307
35 70 3304
48 40 7311
47 73 3597
51 46 6016
79 29 1972
29 74 4500
60 61 8755
25 7 5484
65 19 6216
3 79 5274
50 2 338
37 34 2556
59 52 5211
5 28 3869
37 44 1242
56 54 761
38 9 8828
5 43 9872
47 28 5047
66 9 5811
58 70 4722
41 48 1647
13 80 6126
28 52 3224
15 64 437
31 27 2466
9 42 2380
69 25 7570
16 5 1999
15 45 5782
61 38 9816
77 32 1154
52 75 1442
19 75 3612
34 73 1422
20 52 7103
76 68 3768
40 68 6895
59 11 7099
48 16 1901
27 39 1053
66 50 2599
53 36 5078
49 56 5119
25 30 9277
18 33 8127
27 22 1140
37 41 9499
22 80 5868
39 2 391
58 62 3450
28 80 6737
15 13 5417
6 14 7514
40 59 4081
58 44 6665
65 11 5377
74 60 2046
22 75 122
47 66 9568
79 37 3060
74 33 893
31 25 3926
54 51 8514
69 13 5290
30 41 3783
71 24 116
48 47 644
58 6 4612
48 9 4836
21 12 9721
47 8 3145
71 3 8690
19 49 3819
44 30 8433
67 54 5233
11 45 1528
5 20 9221
77 44 7480
69 14 2706
58 24 543
37 8 5712
59 51 8294
37 33 7719
24 3 3052
19 12 7507
67 61 9933
37 69 3466
25 2 2354
42 61 8676
26 57 5333
50 38 9009
69 45 8488
80 38 2188
35 13 2577
55 58 3321
77 69 4650
56 9 7382
39 29 3625
64 39 6903
65 59 9264
76 66 9195
67 73 2454
64 53 4583
77 63 7281
61 54 3902
79 9 9101
2 51 9771
54 73 3638
23 77 3911
20 40 7708
1 74 6677
41 74 2013
5 21 3777
27 34 7829
23 35 2127
46 17 3331
57 34 770
69 15 941
37 41 1984
14 13 9729
24 6 1022
30 43 8466
72 45 7790
41 70 3890
40 69 4475
32 43 1025
7 78 1250
38 76 5273
58 4 6899
73 48 5123
45 53 1726
56 27 3749
53 38 3548
11 42 1210
26 65 6944
52 51 2625
57 39 7976
71 76 4383
24 71 7349
21 42 5773
63 68 4428
57 66 7657
31 70 2621
12 14 3247
50 64 1170
1 4 9533
72 62 8913
72 29 4295
15 7 2543
54 24 2119
66 15 8085
41 68 2436
28 17 6834
75 9 908
39 80 9550
52 41 2297
58 53 3569
62 42 9517
29 21 8419
69 8 1183
75 66 3460
5 10 4699
61 31 3331
8 13 5354
34 30 8639
7 54 6269
20 3 779
54 7 1562
78 12 8113
11 79 3586
75 42 3861
62 56 2135
22 80 798
66 33 3686
8 27 5409
75 13 7628
1 51 2941
53 48 2262
33 74 468
47 64 782
45 4 769
15 32 8564
68 63 5312
18 15 3061
29 36 6346
71 12 3721
41 70 8601
14 12 5239
15 47 4152
38 67 2222
19 9 1220
21 2 2357
67 27 5587
35 34 7208
25 79 5518
72 59 2630
76 18 1307
14 37 6918
40 35 3073
8 19 4117
68 63 5473
66 43 156
53 5 5878
74 10 955
35 58 9587
9 77 5004
20 64 3577
45 12 1741
51 57 3631
62 42 8650
64 43 722
34 28 8097
2 22 8432
12 19 8433
58 1 9142
75 67 9047
76 44 1067
18 20 5543
56 46 2200
4 14 3323
22 30 9133
27 15 4625
30 44 9010
49 59 758
6 43 881
67 41 2204
6 18 6956
35 42 8330
74 8 1696
62 60 6201
25 69 4719
56 68 6454
48 54 3112
38 12 4846
29 65 7418
34 78 794
5 69 1663
3 43 8941
46 75 39
23 11 7979
62 55 5815
47 27 4982
46 36 3211
58 19 5269
9 21 5696
6 23 109
58 13 1537
62 54 5332
65 50 2895
47 66 7371
34 13 7717
54 48 2321
37 64 305
77 11 4869
72 35 4560
77 42 4268
70 21 3118
20 21 31
4 60 9639
41 21 1821
51 77 5870
12 26 8558
27 3 834
45 6 2346
69 47 6365
23 41 3503
52 27 2622
50 48 6663
10 47 5935
19 53 6602
55 29 7331
21 17 5140
6 18 4189
44 70 4629
17 3 1279
27 25 7917
3 55 1499
24 28 7993
63 56 855
16 17 4817
15 71 7513
59 80 9603
75 55 7372
40 43 2259
54 44 7165
46 42 6258
4 16 5865
20 75 186
49 19 5109
62 30 7006
22 30 4084
4 77 2246
39 10 5336
8 64 9467
54 59 1841
2 42 9475
2 8 117
63 35 6879
64 5 8304
43 60 6109
51 9 8880
77 42 8040
31 35 7838
2 67 9864
30 21 4759
77 75 8130
23 75 1093
24 29 4450
78 36 8622
63 2 3196
38 39 2484
12 68 7299
50 13 4826
55 50 4925
58 57 2001
79 20 5376
78 18 6045
48 6 4466
15 23 6861
17 51 6135
33 19 3087
17 79 4092
79 22 5986
57 68 7422
79 49 8560
52 1 7594
77 55 5014
44 16 6945
70 6 8161
5 6 9954
23 59 7873
25 5 6508
1 21 9879
60 64 6075
27 73 8626
69 32 6824
62 1 9856
10 16 6796
60 17 1184
44 43 9365
49 47 8322
4 41 3415
2 29 7218
18 69 3835
69 43 1590
18 34 3506
3 75 2799
76 20 656
39 43 6457
70 29 2395
21 13 5620
50 28 3049
49 69 2013
14 27 4745
79 29 5208
16 13 8544
7 64 4065
39 61 6451
19 17 6096
64 62 2090
5 76 7430
7 58 1009
12 66 8066
42 29 2997
68 67 4062
40 34 8867
8 12 5306
71 35 5139
15 29 9699
53 37 6517
53 20 3327
55 24 2538
40 20 8332
55 3 3375
43 76 9491
8 10 742
58 76 5998
60 67 1710
63 24 5390
3 29 9445
14 48 5460
12 3 2388
2 30 9848
37 34 4848
45 76 2992
10 35 4639
59 31 1257
66 73 1082
8 77 9454
28 17 6460
42 39 6130
57 69 1050
26 58 9483
75 34 2330
8 54 8023
56 50 744
25 65 1593
73 6 8350
31 61 6148
30 72 9273
80 17 6848
69 57 6922
46 23 9483
66 77 2489
77 12 4180
16 10 2588
74 76 8863
70 44 9518
41 40 3498
45 76 7143
53 70 7396
10 56 2102
76 41 6521
41 31 9652
30 1 4625
50 80 662
29 80 7120
64 45 6709
44 68 7755
7 48 4354
27 33 1548
59 68 3503
26 35 8994
63 12 4314
29 7 6487
74 71 7157
50 32 5112
11 29 5146
10 24 225
69 35 2485
59 20 6934
35 55 2656
9 39 5502
34 68 6355
32 65 4942
68 1 9964
70 29 3363
22 36 8214
39 20 7374
52 2 9192
58 55 5745
76 39 6982
29 61 5306
59 28 765
25 46 2302
22 8 7666
50 31 9207
66 43 8849
56 25 4471
54 50 3012
57 38 7815
72 11 6688
22 34 9141
11 15 7715
76 59 3193
8 28 3298
70 27 2355
43 49 7227
66 23 2173
60 5 5526
13 30 9229
37 3 8574
17 74 4233
47 25 7953
17 70 3302
68 61 4424
3 27 1086
5 60 1321
61 17 2128
34 74 9526
24 78 6152
11 5 2943
5 18 6139
34 11 5828
16 55 8
29 66 4704
13 72 6987
11 40 5864
5 16 4706
28 45 5753
8 32 8554
4 42 6866
11 75 8326
11 65 782
49 58 9777
21 59 5808
24 23 9712
46 44 9097
13 62 1670
55 8 8307
1 20 1982
49 34 9586
44 69 6769
45 51 8955
39 38 9769
21 35 7970
54 15 786
30 66 4861
29 4 6429
39 41 8168
79 20 5516
37 3 1912
48 5 7585
60 57 9090
64 33 6774
31 72 3509
58 22 9241
65 7 112
13 24 8639
22 78 7680
11 26 1399
78 40 1188
43 35 9220
77 25 2121
43 46 858
43 66 1126
64 55 6768
46 78 1989
80 29 5655
4 8 4298
8 73 4358
36 37 6375
47 19 4772
45 71 5197
27 34 7984
24 58 9233
67 3 7433
68 15 2482
32 50 3172
29 56 6681
31 40 6580
10 51 9857
31 38 5771
75 52 8156
66 28 6320
32 47 3721
8 10 129
61 74 7348
14 11 9605
18 12 3801
7 78 4348
9 42 5130
57 22 9614
21 4 5523
4 74 1084
51 64 139
48 40 1724
80 21 2380
44 47 1190
1 6 2891
46 25 5693
61 55 9844
66 35 6592
61 57 3099
64 36 2172
45 77 8089
50 27 5691
13 30 6698
53 9 407
61 29 6219
26 54 2244
68 18 3596
40 34 5091
59 48 14
57 15 904
53 19 1486
61 71 2879
56 24 9553
69 79 9771
27 2 7894
77 17 7691
60 5 8450
45 37 2311
74 70 1084
34 64 6470
42 5 2751
35 5 4277
20 63 1530
48 28 2841
9 46 7227
55 66 2893
76 78 387
57 28 1303
78 77 8629
18 76 5452
43 39 5157
62 73 8417
59 28 6745
57 41 7722
69 52 2990
6 16 9979
25 69 5427
78 68 3848
25 56 7809
17 42 4465
5 40 4888
6 38 3611
27 8 9814
57 61 38
29 78 6068
12 23 6668
19 25 3475
29 79 1585
71 27 4018
71 52 9355
18 41 8365
13 78 9960
70 5 4398
30 47 4150
56 62 1709
20 50 5002
13 22 4763
23 71 4413
55 16 6564
8 14 1742
48 3 7332
66 77 4403
70 8 477
18 41 5196
78 75 3747
73 3 1588
54 37 8278
30 48 2542
79 62 1828
51 19 6681
38 66 717
17 56 6549
45 34 2583
12 68 4572
53 41 1099
78 53 1838
69 70 9913
22 11 9547
75 54 4386
71 13 417
12 5 9553
78 51 910
7 59 470
3 42 5501
17 74 8537
78 45 2121
23 38 4221
3 66 3877
52 21 4867
6 23 8592
58 67 6951
20 55 3064
58 33 4264
25 46 9133
6 51 2349
68 30 7379
62 34 6304
56 1 2338
73 42 2153
53 17 7447
56 1 468
17 27 5503
49 25 5242
66 36 3610
78 8 7523
53 63 7090
43 64 6741
51 57 9117
43 75 9367
44 18 3825
44 48 4139
34 50 2034
2 60 1046
24 43 3337
50 20 8174
44 26 9148
65 76 2105
76 26 6916
25 77 5201
38 52 5556
23 35 8205
59 73 4108
45 32 1587
37 47 3663
21 62 5979
15 5 2017
51 80 3882
59 31 3024
20 11 8568
48 28 2556
6 25 3808
66 11 7006
11 54 1868
48 21 7921
3 68 3503
42 54 7253
77 32 3844
56 50 2454
37 20 1581
33 63 3981
5 35 9880
5 53 534
14 17 8215
39 8 6397
18 40 4651
15 3 8211
59 12 7389
31 8 3309
49 21 5364
63 11 7791
5 29 3378
53 79 1006
61 71 687
78 38 1018
8 77 8416
50 30 1050
24 19 9587
77 45 2120
20 71 9086
32 51 5690
56 76 9315
24 60 8969
5 28 9714
77 54 3099
32 4 6484
57 40 7348
11 21 7617
53 47 84
50 18 4797
35 64 3595
13 42 5136
80 69 9483
71 66 6921
59 33 6825
65 61 942
21 40 4243
64 38 5178
20 70 378
76 60 3685
58 56 8758
59 19 4383
10 3 2741
45 23 6792
29 27 4975
58 67 887
69 49 9171
20 7 2548
75 33 1963
40 41 9465
43 10 7395
64 33 3131
19 73 4432
30 41 152
40 34 9630
43 55 720
57 22 1472
4 36 8082
61 11 2316
38 68 8529
11 49 235
7 21 9805
58 39 9636
67 37 4616
52 29 5398
47 46 5264
76 75 1605
6 31 4723
45 61 3374
16 65 309
56 71 4218
66 22 1993
38 26 1287
30 68 1487
40 79 101
8 6 4405
19 52 4420
31 79 3614
26 37 9355
15 19 9904
44 55 7797
6 61 2601
46 54 4164
57 67 9080
5 71 4600
50 40 1352
79 57 8188
8 1 9550
8 50 2493
4 5 1227
36 51 4365
34 16 2015
34 57 5047
21 62 6128
4 42 1102
5 64 3652
30 13 3490
21 50 6241
76 26 3898
73 17 472
19 41 2615
66 13 7646
33 10 8032
72 26 6189
13 5 3296
61 7 977
70 45 5166
78 40 7518
79 69 6972
28 76 6122
61 8 9388
1 6 692
19 52 2849
48 64 3967
13 55 4761
33 49 7416
71 2 2916
70 49 3285
55 14 1416
77 73 3356
23 63 9177
60 9 6203
25 1 9832
58 7 6920
58 6 970
58 42 7596
78 4 7239
50 64 5286
14 72 4009
61 8 6001
75 16 6563
14 45 1405
66 31 886
34 20 7064
11 5 9189
8 78 8311
30 32 8728
30 56 4068
53 62 6193
37 2 3349
9 59 8291
24 17 8097
67 78 6613
71 14 3327
24 53 7696
26 4 7583
76 9 431
29 28 278
76 24 6604
25 38 6148
37 8 1325
47 42 8845
14 78 3796
7 20 4130
78 48 5233
77 48 7105
27 7 3500
40 22 271
41 4 8085
2 3 8631
48 12 1823
57 53 9489
79 11 3982
43 11 7794
70 17 1129
80 59 6268
34 50 7650
57 36 8715
77 29 1815
3 61 6571
33 63 6104
39 23 1007
40 8 4410
26 58 3632
29 74 1665
11 8 9975
62 40 4590
52 16 4715
47 75 987
79 61 921
58 44 4110
10 4 2507
38 19 8208
77 2 849
40 5 3188
37 63 9577
2 76 2721
59 29 1408
79 39 8162
16 39 2669
3 15 4022
44 67 6816
77 2 8963
77 52 3606
15 10 1185
18 24 5708
22 49 9951
56 30 6124
39 77 9718
52 39 3217
59 31 5906
77 23 4979
7 8 4299
36 23 9652
11 77 1434
42 45 2815
16 6 431
77 72 4851
27 4 9794
52 28 1579
6 71 6461
62 49 2698
70 57 9843
11 6 9047
57 17 8367
57 74 5692
4 21 2004
61 51 5572
69 36 4754
73 9 4477
59 50 7078
42 7 4368
24 80 9723
7 78 6273
22 5 465
12 38 9826
24 38 2574
11 13 7190
72 30 1612
68 73 3509
65 16 7977
51 15 1378
15 63 4208
36 63 2596
32 33 4259
20 8 3340
10 48 1835
65 18 3369
18 44 9223
51 56 8779
9 63 1668
4 79 660
74 38 2846
50 33 2705
72 23 5298
20 36 3998
69 26 2801
11 60 6868
26 23 2572
37 72 9835
62 64 8651
63 26 5890
38 47 6190
79 77 1234
18 13 1839
42 27 3682
35 42 3585
46 52 4828
18 56 9901
30 2 1242
67 63 8536
76 53 9037
26 18 5684
12 52 5716
66 53 9867
33 44 3253
20 50 983
17 19 3152
75 58 4405
21 50 8852
76 67 8864
38 46 455
80 33 4668
27 18 4529
19 62 4886
69 5 4612
55 14 1061
62 39 7593
36 55 5327
45 62 4227
35 3 7155
55 7 9544
71 25 5396
68 25 3318
8 23 8836
53 49 7289
23 15 7064
31 20 1451
77 12 2747
76 22 1981
68 73 4743
18 47 3439
16 77 5627
9 41 5324
40 11 3374
71 14 2785
43 9 1498
26 70 4702
75 68 8671
65 80 2902
41 2 3184
16 53 4201
23 35 3618
45 19 8768
7 51 418
17 76 9048
41 25 9292
77 21 5277
11 21 4658
31 71 3136
60 78 9360
5 25 8256
70 32 5811
42 55 4721
23 5 8566
33 46 2705
10 50 8062
54 28 9006
16 31 1070
75 80 2181
75 17 5079
60 35 1340
8 32 9571
64 28 3614
54 16 2413
50 62 4668
37 3 2256
78 21 8704
34 66 1044
57 22 8617
29 62 3044
12 8 7896
9 1 7460
25 2 3584
41 68 2262
34 63 3868
22 13 3246
46 38 1234
20 46 1528
67 57 3667
61 53 3778
1 59 7002
23 73 2204
43 21 6867
60 72 6211
71 65 6991
69 62 9864
29 65 9340
52 40 3238
57 53 3160
37 20 7433
9 55 807
6 2 3805
8 19 4114
52 21 6681
80 65 8173
29 47 902
14 59 4755
71 2 5281
23 80 1481
33 9 387
37 20 1660
18 56 7950
12 1 2781
38 79 3913
40 33 2544
11 47 7012
11 27 1637
38 71 9112
11 7 327
60 21 2419
79 40 5326
68 38 3054
75 59 8640
11 31 764
9 42 2004
44 16 2746
36 12 5289
75 27 8051
17 26 4461
60 32 8978
39 37 224
15 54 9778
15 48 7993
53 38 4852
71 63 9271
50 48 3730
41 5 102
30 3 6654
23 56 4026
24 65 2682
42 25 8692
45 22 6877
22 7 4416
18 26 900
71 52 8157
37 3 8934
70 59 6930
53 10 130
48 45 290
30 25 1143
47 39 1182
57 71 9220
8 60 54
73 79 6204
21 80 6106
18 25 4759
21 64 5179
79 35 6353
75 33 9080
31 4 14
21 17 4190
77 35 6219
6 35 8654
68 45 5169
38 5 5667
16 23 1318
18 14 2467
40 42 2662
68 50 6639
49 68 8781
5 30 7384
14 7 5362
33 70 1946
32 80 1196
36 39 1388
53 12 5390
22 25 7360
48 71 5237
9 8 8430
79 75 1675
46 12 2007
10 37 6449
47 48 7331
42 20 8983
44 35 7123
74 5 407
1 15 6722
29 70 1927
15 17 4844
71 33 1267
23 52 9610
66 49 1505
78 6 4684
72 57 1488
39 74 1917
66 61 1398
12 77 5104
58 26 6159
72 29 5071
74 44 1529
47 50 7948
9 10 8942
52 39 4082
28 33 6226
65 66 17
64 70 7704
77 74 851
38 53 9360
24 15 1487
32 77 443
46 59 4529
69 36 4226
38 57 232
50 57 6796
39 36 8786
72 58 8820
64 14 250
60 65 634
70 8 2340
37 65 2601
31 13 5996
5 80 20
38 5 933
75 53 3868
73 13 1108
56 36 6731
58 59 1458
11 30 4102
63 32 3245
10 71 7960
55 30 3136
39 44 2608
51 39 2698
43 63 4268
67 60 5996
8 32 9317
64 51 4809
14 36 7753
80 47 4676
33 48 2942
24 1 3240
9 53 659
23 50 7891
21 55 7405
61 19 3850
75 74 3653
5 36 4718
8 63 4374
15 46 6663
16 24 4277
56 45 624
39 46 2961
40 39 8118
69 39 9878
71 2 2694
57 66 9487
58 27 3290
27 4 3841
19 58 8859
66 29 255
52 3 5021
13 70 2356
16 30 7633
11 15 3712
8 20 1168
50 5 482
66 37 7555
55 4 8237
23 47 3954
46 24 7702
63 36 2488
8 51 6110
22 72 711
57 11 5979
45 53 3228
70 58 5153
68 59 8833
37 20 1302
30 18 3594
22 51 3498
18 28 18
47 79 8949
30 45 7127
56 18 2103
66 30 2254
50 33 5652
22 67 3935
66 41 233
24 9 1713
58 43 6318
47 30 3521
25 52 1902
59 12 944
11 61 7476
59 62 6204
2 4 1522
56 6 5805
51 58 2479
51 38 3885
21 62 9366
76 35 9004
66 62 2309
46 39 9412
54 64 7662
14 54 473
5 1 9965
71 47 2378
35 23 1771
79 43 8423
69 25 2722
44 47 8163
28 50 1453
34 9 3015
51 34 4265
70 30 3700
21 37 325
9 25 6046
15 29 355
61 49 3108
44 13 3453
6 41 2227
12 41 481
40 55 3011
75 72 7497
28 79 8603
53 21 7641
54 70 4172
61 49 6122
10 46 1158
14 34 3788
15 40 4522
33 60 5382
71 42 423
42 37 4552
66 60 1215
55 25 4603
59 53 271
66 65 3928
73 57 7148
27 73 3521
50 2 4252
46 50 7950
5 19 4415
5 12 7103
62 79 502
25 65 4368
67 44 8641
73 26 642
30 45 2260
18 22 7107
43 74 1670
16 1 8299
68 34 4129
22 56 7949
22 74 2495
70 28 7579
77 80 5850
33 69 2666
13 22 4826
5 67 3581
35 70 6012
67 1 8304
33 23 7567
79 33 4456
46 21 8895
3 30 3012
45 9 348
63 23 9234
78 1 3472
52 31 1994
77 2 9947
45 19 277
73 75 9122
43 44 9822
46 49 4504
5 48 1954
53 66 1
61 53 8660
66 71 1060
69 28 7174
20 36 4347
73 54 3808
74 24 7000
57 60 5071
50 6 5551
9 30 7445
65 62 666
23 16 3341
15 8 5299
72 47 9759
9 34 5201
57 69 4346
60 6 5895
20 5 5744
41 11 5081
63 14 3560
24 30 3034
49 23 3019
33 3 20
2 65 4749
72 38 7487
50 63 3860
67 12 3670
23 66 545
72 59 8655
71 73 1874
17 38 5967
24 50 9314
3 23 333
21 44 202
37 46 8262
51 5 6204
68 74 844
73 43 3692
68 70 8218
15 7 7723
10 71 5280
59 41 4362
66 56 2071
51 43 3724
13 73 151
35 49 2333
20 41 7242
6 56 183
51 28 1285
13 1 726
8 14 3684
4 69 9391
48 28 7714
77 41 8422
21 16 2769
38 46 148
1 60 8532
18 24 6749
49 80 6102
80 77 7725
39 72 1979
58 48 708
70 41 2811
71 9 6599
51 72 8129
26 31 9450
67 73 9758
41 76 1725
6 41 9853
42 28 2607
3 61 7923
76 40 3046
5 12 699
35 34 3346
16 32 6140
18 23 5344
46 44 2286
9 16 8764
69 19 8188
66 21 5007
46 49 832
71 61 6442
38 73 5387
22 62 3
78 54 6783
14 60 2155
33 43 1881
52 54 5102
16 75 247
60 51 5503
32 53 8946
63 76 8882
77 75 7567
13 74 3706
21 67 4885
10 77 9130
27 12 2357
35 69 5100
52 14 677
17 74 4160
33 8 3736
69 50 7808
78 53 716
54 41 1896
75 63 6617
73 49 8983
19 13 5154
60 11 2944
76 25 8464
51 23 9283
37 23 2192
22 51 3847
21 77 5519
73 80 8788
60 68 3348
45 49 4351
9 36 665
29 71 707
77 73 7108
21 33 6563
62 27 1377
72 55 6144
57 20 4435
61 39 2599
67 44 3233
55 79 109
22 11 1269
25 22 6739
68 26 2177
40 39 3015
80 55 4978
33 69 9293
14 31 5891
66 5 1177
61 37 4268
54 48 3483
67 38 6336
6 62 4719
3 23 1920
57 64 7252
60 8 1397
56 28 8300
10 13 2638
26 57 8570
33 72 9915
60 19 9755
17 6 2952
65 7 2280
10 46 4040
1 67 7511
65 5 1276
63 7 2156
19 4 8088
16 45 2313
19 20 2113
35 6 1124
49 67 2747
65 39 3333
18 25 7955
12 13 8233
22 44 3549
34 45 5157
80 60 1167
66 7 7197
21 37 1832
40 28 2609
9 69 9324
68 55 7684
54 11 2730
65 80 3940
9 7 3167
17 28 3733
73 65 3142
48 8 2078
14 46 9821
38 65 2157
58 26 3066
7 46 5113
13 23 5199
42 38 7928
57 59 7093
18 72 6157
6 68 5815
59 17 6784
22 46 7190
41 61 979
70 45 8660
71 50 4834
14 39 4756
18 57 4186
48 22 166
59 40 1396
72 56 7090
57 47 1724
58 68 2114
77 23 8839
78 68 1327
31 48 4479
8 46 772
57 22 6125
44 68 1630
67 31 5500
12 4 5079
11 9 4906
57 28 5097
68 2 7664
72 49 7734
66 51 9962
24 75 7606
51 72 6724
72 16 8848
64 8 791
45 37 8727
9 14 7182
50 80 9693
33 22 6024
16 49 1842
77 63 7972
10 56 2531
18 66 5625
67 34 1717
67 78 3188
56 58 5575
14 49 7453
67 56 6823
3 68 9014
8 19 8232
77 68 7600
3 30 4575
57 45 3044
23 28 9963
67 13 9980
27 20 4787
37 48 9124
70 64 9969
46 27 1301
48 56 1195
68 60 8160
46 17 8742
53 25 9379
51 38 8967
75 22 6139
72 4 7002
69 44 4895
2 38 7086
28 50 5615
65 8 8090
30 11 2745
53 52 7379
26 53 152
12 55 4956
62 31 3960
59 36 747
45 59 7202
28 45 4461
15 75 7583
66 68 4987
37 41 1521
47 76 2940
33 59 5844
73 78 2434
15 65 6932
73 43 3331
23 13 7263
38 36 4922
8 40 4681
38 17 426
35 34 1492
71 58 1166
67 56 766
78 21 3001
49 50 2538
2 75 956
5 76 3288
67 18 4851
79 23 2860
10 56 3163
17 36 6829
30 28 1521
50 24 882
52 55 7630
71 66 1032
77 30 3279
4 58 3467
34 63 9319
38 52 8370
64 74 6775
3 79 6385
70 42 9998
77 33 8787
33 59 7525
65 79 6552
13 25 9413
48 43 8954
41 75 4997
29 14 5558
47 65 9132
19 76 979
61 80 5124
32 8 2471
68 58 3230
75 9 3019
53 61 9882
29 55 5554
8 54 9706
5 55 8276
62 43 3561
60 9 6907
63 66 7458
26 63 6344
48 55 1012
39 64 7611
56 78 1639
62 17 925
45 58 9039
16 22 9713
17 44 8016
29 43 1548
47 27 2904
40 71 7366
46 58 7662
69 71 704
47 4 6713
80 78 531
58 16 4271
17 6 8960
69 70 5083
62 27 4691
59 71 4644
10 63 4542
